name of data:airfoil
number of data:1503
number of attributes:5
various training number:75  150  225  300  375  450  525  600  675  751

liner logistic regression
1.6748	1.4372	1.3201	1.2743	1.171	1.1814	1.158	1.1096	1.096	1.0757
1.6232	1.5059	1.4403	1.4498	1.4403	1.4778	1.4418	1.4568	1.4867	1.5239

L2 liner logistic regression via 10 cross validation
1.6277	1.4504	1.2878	1.2393	1.2104	1.2034	1.1401	1.1097	1.0927	1.0688
1.5504	1.4614	1.4569	1.4487	1.439	1.4426	1.4327	1.4718	1.4618	1.5289

gaussian kernel logistic regression
1.5623	1.2971	1.2806	1.2086	1.1923	1.1899	1.1492	1.1357	1.1189	1.1085
1.6793	1.4976	1.4482	1.4644	1.4512	1.4469	1.4399	1.4655	1.4545	1.5222

L2 gaussian kernel logistic regression via 10 cross validation
1.914	1.3186	1.3238	1.2398	1.1835	1.1283	1.0869	1.0902	1.0864	1.0765
2.0159	1.4791	1.4471	1.4559	1.4575	1.458	1.4373	1.4634	1.4713	1.5194
