name of data:airfoil
number of data:1503
number of attributes:5
various training number:75  150  225  300  375  450  525  600  675  751

liner logistic regression
2.0443	1.4173	1.3744	1.3349	1.2024	1.164	1.1677	1.1049	1.0966	1.0643
1.9434	1.4568	1.4771	1.4586	1.4557	1.4601	1.4435	1.4606	1.4679	1.524

L2 liner logistic regression via 10 cross validation
1.6077	1.4631	1.3909	1.3134	1.1875	1.1823	1.118	1.0974	1.0722	1.0702
1.5666	1.5528	1.49	1.4441	1.4433	1.4533	1.4598	1.4515	1.4765	1.5282

gaussian kernel logistic regression
1.4327	1.2978	1.2604	1.2545	1.2225	1.1747	1.1587	1.146	1.0992	1.1045
1.575	1.4578	1.4493	1.4531	1.4497	1.4531	1.4517	1.4537	1.4813	1.538

L2 gaussian kernel logistic regression via 10 cross validation
1.6853	1.3421	1.2794	1.2451	1.2046	1.1296	1.102	1.0924	1.0749	1.0649
1.7608	1.483	1.4742	1.4617	1.4548	1.4543	1.4425	1.4541	1.4613	1.5284
