(0.30551865401638906, 0.5757910402290575)
(0.30618524215649412, 0.5759538499625707)
(0.30515165522545362, 0.5757013961833286)
(0.29414785077294481, 0.5730112908647778)
(0.29423220119190535, 0.5730319286999647)
(0.29058831059916379, 0.5721401550023946)
(0.29351794681087295, 0.5728571655877885)
(0.29687859410062672, 0.5736792864668305)
(0.29927422823204836, 0.5742650862921158)
(0.29185587155761589, 0.5724504201859537)
(0.28525229279718711, 0.5708334203508455)
(0.28460657210469026, 0.5706752227693327)
(0.28649002351533626, 0.5711366162524426)
(0.28805889932058759, 0.5715208530747441)
(0.28721524685699851, 0.5713142429829448)
(0.28417103961057455, 0.5705685118419791)
(0.28460067977094794, 0.570673779117427)
(0.28690575090575193, 0.5712384413328211)
(0.28643452674722913, 0.5711230228436083)
(0.28870263465971213, 0.5716784867906669)
(0.29700287935336583, 0.5737096828020762)
(0.29001243482632744, 0.5719991771801596)
(0.28245154232964098, 0.5701471494465228)
(0.28313344151574532, 0.5703142608745557)
(0.2847754259260693, 0.5707165923082221)
(0.28847315938409823, 0.5716222960470859)
(0.2923930402634225, 0.5725818876101967)
(0.29356144633815417, 0.5728678095331369)
(0.29218890527932573, 0.5725319285338445)
(0.29330649117167373, 0.5728054233227937)
(0.29316635946642511, 0.572771132832968)
(0.29333011787997731, 0.5728112047534935)
(0.293314648241499, 0.5728074193514583)
(0.29335418519012446, 0.5728170939785502)
(0.28781331517689845, 0.5714607122027612)
(0.29119098009365496, 0.5722876795439096)
(0.31760401503436098, 0.5787402215308444)
(0.32487127507413727, 0.5805109583109292)
(0.32723184549906753, 0.5810856901699579)
(0.32837071171026022, 0.5813628931751789)
(0.32731665188678416, 0.581106334032317)
(0.3321774603211386, 0.5822890919669038)
(0.33276139350572176, 0.5824311143342108)
(0.32113285328007768, 0.5796003123371346)
(0.31660165128427881, 0.5784958260023315)
(0.31841958882021071, 0.578939045622297)
(0.31874723263119753, 0.57901891283788)
(0.3250925128344776, 0.58056483272483)
(0.32444897653165006, 0.580408117525521)
(0.32444514497292265, 0.5804071844083619)
(0.33855038511826285, 0.5838383512305436)
(0.33900321973881375, 0.5839483727915543)
(0.34379017437354198, 0.5851109068121653)
(0.34391381426462725, 0.5851409208381977)
(0.34335421839928387, 0.5850050719001733)
(0.34331601587710214, 0.5849957972856733)
(0.34518196201093487, 0.5854487317257051)
(0.34006757364134865, 0.5842069372874027)
(0.33740386190719107, 0.583559752440263)
(0.33557376271375083, 0.5831149379214131)
(0.33313289928777257, 0.5825214636714521)
(0.34960869832154651, 0.5865226860645872)
(0.35804122333580046, 0.5885661869016369)
(0.35666211825773997, 0.5882321875478012)
(0.35781046777560443, 0.588510306909376)
(0.36071130936641949, 0.5892126110859931)
(0.36039556433674375, 0.589136185656376)
(0.35529306371229608, 0.5879005418808421)
(0.35887165872512172, 0.5887672670384355)
(0.35515095807770547, 0.5878661130221293)
(0.34942672768772076, 0.5864785549754734)
(0.35934782340238558, 0.588882551332376)
(0.35965070449303782, 0.5889558768371875)
(0.35908026452048802, 0.5888177738158383)
(0.35970757009959509, 0.5889696431832234)
(0.35834509836187783, 0.5886397700908168)
(0.35991109499271795, 0.5890189124930717)
(0.36076594420452174, 0.5892258348983956)
(0.35166366091117507, 0.5870209541341648)
(0.34599769519254236, 0.5856466951472087)
(0.35058045642819863, 0.5867583310084447)
(0.34773933402927898, 0.5860692661749424)
(0.34969400407156825, 0.5865433737355963)
(0.35059927681810665, 0.5867628944372448)
(0.35715697109654465, 0.5883520431327008)
(0.35156495953462452, 0.5869970260151555)
(0.33309009925234534, 0.582511055085172)
(0.32941572036030176, 0.5816172058175663)
(0.32915098179983582, 0.5815527833068852)
(0.3232080587382048, 0.5801058810698444)
(0.33025788456390914, 0.5818221228054523)
(0.32492214996564051, 0.5805233472112779)
(0.32869409495823765, 0.5814415961443465)
(0.32929988031746249, 0.581589017193565)
(0.32726112090161019, 0.5810928165211499)
(0.32626706115451332, 0.5808508190781436)
(0.32415226809683828, 0.580335857051483)
(0.31240367507305156, 0.5774718622610449)
(0.32841081913501502, 0.5813726544915538)
(0.33144623525753564, 0.5821112264930454)
(0.3168566957218294, 0.5785580143859207)
(0.31570248740980855, 0.5782765598559114)
(0.31291799088331262, 0.5775973493441791)
(0.31428190291474406, 0.5779300794958068)
(0.31624386396866289, 0.5784085812645338)
(0.31613363936968752, 0.5783817025329473)
(0.30605342180226991, 0.5759216550216697)
(0.30935539042606841, 0.5767279114541456)
(0.31701499572317016, 0.5785966119796325)
(0.31798766373501619, 0.5788337522488595)
(0.31638736761427666, 0.578443574535267)
(0.29625172214703493, 0.5735259644623377)
(0.28562310658166146, 0.5709242608986718)
(0.2912217195898863, 0.572295203771745)
(0.29151263303508379, 0.5723664101477638)
(0.28963489741932258, 0.5719067474262306)
(0.29189509712863765, 0.5724600206539157)
(0.29419520189632881, 0.57302287619337)
(0.29558528484028468, 0.5733629499589318)
(0.29831021404945063, 0.5740293827204432)
(0.29522513351130958, 0.5732748481783806)
(0.28281680711570317, 0.5702366660182718)
(0.28404072580993889, 0.5705365820498701)
(0.28832783979689647, 0.5715867112336077)
(0.29547511338103377, 0.5733359998326034)
(0.2935728831495325, 0.5728706080074099)
(0.2867963923988765, 0.5712116564826449)
(0.28502023953195776, 0.5707765703982327)
(0.28644416892278179, 0.5711253846110824)
(0.29370853332603408, 0.5729037999039226)
(0.2861935383517461, 0.5710639937693093)
(0.28453931628857487, 0.5706587446789192)
(0.28810194884551954, 0.571531395215191)
(0.28756243391730396, 0.5713992719452913)
(0.28724968615055912, 0.5713226776369712)
(0.29014024798827787, 0.5720304676143686)
(0.29448983719861588, 0.573094962371738)
(0.29596392129005933, 0.5734555686297901)
(0.29545447833561211, 0.5733309520423684)
(0.29892880100100683, 0.5741806324545436)
(0.29111608321084326, 0.5722693465982647)
(0.29106042847447122, 0.572255723536192)
(0.28690825406481246, 0.571239054419156)
(0.30086290129430238, 0.5746534466427283)
(0.30029382570523833, 0.5745143433759047)
(0.30085543868009446, 0.5746516225783322)
(0.31497119275734542, 0.5780982067943299)
(0.31816402222592532, 0.5788767452479615)
(0.31420085631279049, 0.577910309924364)
(0.31233676562055301, 0.5774555363964361)
(0.3176182493833285, 0.5787436918609129)
(0.31794330520965153, 0.578822938257315)
(0.31688525907645848, 0.5785649789341593)
(0.31855027543545167, 0.578970902590381)
(0.31636221075489734, 0.578437440108394)
(0.31661343937841768, 0.578498700389748)
(0.31952984528250983, 0.579209667570008)
(0.3140407032980026, 0.5778712433147192)
(0.31454693437532116, 0.577994726463514)
(0.33219177824425161, 0.582292574489839)
(0.33078866070902935, 0.5819512577586026)
(0.33093835070500832, 0.5819876744914875)
(0.33597124024352654, 0.5832115582988997)
(0.33525168438053932, 0.5830366411898699)
(0.35634510065261016, 0.588155398955648)
(0.35188510331468159, 0.5870746367953176)
(0.35143392149815811, 0.5869652579030209)
(0.35221450588252812, 0.5871544876184702)
(0.34892636049415521, 0.5863571999447639)
(0.34869330305308421, 0.5863006724883142)
(0.34855321853828236, 0.5862666942711934)
(0.34860776270767313, 0.5862799243367113)
(0.35140112508555021, 0.5869573068150201)
(0.34938570656630413, 0.5864686064379455)
(0.34267103733901416, 0.5848392035811769)
(0.34553414501360474, 0.5855342034441616)
(0.35705290221232444, 0.5883268380503182)
(0.36344396872419626, 0.5898738653731296)
(0.36879609418877629, 0.5911680403453017)
(0.36549319282059678, 0.5903695277150816)
(0.36894609533635203, 0.5912042933850808)
(0.37170408930626297, 0.5918706822218698)
(0.36807363858300823, 0.5909934197204707)
(0.37853685035212115, 0.5935201606163734)
(0.37108257909245557, 0.5917205417847834)
(0.36861217120713974, 0.591123587551022)
(0.36515177182578784, 0.5902869581858696)
(0.36109302319694936, 0.589304998377996)
(0.36003703444398794, 0.5890493990236605)
(0.36135443459648264, 0.5893682648945777)
(0.36211250251680988, 0.5895517149866114)
(0.36981344143493744, 0.5914138985372465)
(0.37227104850988468, 0.5920076296242508)
(0.36672909488877425, 0.5906683766347544)
(0.37117936904705462, 0.5917439248050641)
(0.37067897385349835, 0.5916230322594289)
(0.35898771747746971, 0.5887953669372401)
(0.3601786021170863, 0.5890836679071744)
(0.355781018703206, 0.5880187553690637)
(0.35864413394212769, 0.5887121775408776)
(0.35518492109596111, 0.587874341542223)
(0.36681715812436622, 0.5906896683273918)
(0.37845000934307749, 0.5934992097072154)
(0.381439651992449, 0.5942202825099301)
(0.38480936551334155, 0.5950325377317881)
(0.38468098074095369, 0.5950016006276815)
(0.37929289982137271, 0.5937025476550515)
(0.37911843470958062, 0.5936604625221032)
(0.37261657117835811, 0.5920910826485587)
(0.35601703016336939, 0.5880759285942636)
(0.35683224548350223, 0.5882733943089415)
(0.35712700089988159, 0.5883447845141738)
(0.36593594982295174, 0.5904765968377443)
(0.37478127196223071, 0.5926137951138072)
(0.36212680503045525, 0.5895551759114436)
(0.36224194998378612, 0.5895830383849917)
(0.36311953110531825, 0.5897953742641858)
(0.36480298564305247, 0.5902026021970697)
(0.37189680068313036, 0.5919172327149369)
(0.37310648737815888, 0.5922094014925747)
(0.37283533090578536, 0.5921439162654408)
(0.37316182906547779, 0.5922227662994236)
(0.37002933349878631, 0.5914660664212308)
(0.37953050028199153, 0.5937598603221133)
(0.37939296420630475, 0.593726684942892)
(0.38116289092347877, 0.5941535474386682)
(0.37305073283426321, 0.5921959368445011)
(0.36554246758570486, 0.5903814439434577)
(0.37759745945933515, 0.5932935089299944)
(0.37572135784433469, 0.5928407333964756)
(0.37996927124929669, 0.5938656915117394)
(0.37853502004524131, 0.5935197190474792)
(0.3785471198423801, 0.5935226381693869)
(0.36496676690037916, 0.5902422143183564)
(0.36716071250808996, 0.5907727287317455)
(0.36898959271017306, 0.5912148058659688)
(0.36676404469983864, 0.5906768267469251)
(0.36652682892569233, 0.5906194720261134)
(0.36736707921010281, 0.5908226190752062)
(0.36307679079938515, 0.5897850337720483)
(0.36308249769371931, 0.5897864144896386)
(0.36693187575931485, 0.5907174039390564)
(0.366969413640857, 0.5907264794550071)
(0.36352218716250218, 0.5898927880549688)
(0.36821700011712855, 0.5910280726467166)
(0.3708217484614611, 0.5916575268986921)
(0.37330441920572793, 0.592257200646964)
(0.37003439975557839, 0.591467290600348)
(0.38078689735007942, 0.5940628789784759)
(0.38136160193745527, 0.5942014627441615)
(0.37991919167672838, 0.5938536128013184)
(0.37428408946914815, 0.5924937584566846)
(0.36385218778466899, 0.5899726192011897)
(0.35982127746888115, 0.5889971696852857)
(0.35766022539372133, 0.5884739228401404)
(0.36290736861656359, 0.5897440433748138)
(0.37195407654964863, 0.5919310676976645)
(0.37544407277141789, 0.5927738004370471)
(0.37469364465966931, 0.5925926397234745)
(0.37933227464398267, 0.5937120456081245)
(0.37728331450403346, 0.5932177046869357)
(0.38364178702300367, 0.5947511565349686)
(0.37835739802756102, 0.5934768663024654)
(0.37021730626495863, 0.591511486243805)
(0.37044867984785679, 0.5915673908517396)
(0.37324453084583176, 0.592242738210339)
(0.37150497114314823, 0.5918225824029052)
(0.3685615023362378, 0.5911113410061407)
(0.36064232493767068, 0.589195913915532)
(0.35760275031886235, 0.5884600038945599)
(0.36040462489036185, 0.5891383788045587)
(0.36473566516850586, 0.5901863197332411)
(0.37322520182928615, 0.5922380704131232)
(0.3652480540740507, 0.5903102436781402)
(0.36482131127574985, 0.5902070344912338)
(0.36194661477540901, 0.5895115727933637)
(0.36054581234205307, 0.5891725534111729)
(0.36067276257716552, 0.589203281146251)
(0.34265762419987755, 0.5848359468363105)
(0.34066376275250554, 0.5843517498281507)
(0.32998106426936757, 0.5817547694797489)
(0.33005613625426788, 0.5817730355945465)
(0.33996840281688379, 0.5841828475814401)
(0.34317979318404901, 0.5849627253411763)
(0.34311976396657906, 0.5849481512932749)
(0.34763568438248471, 0.5860441213670926)
(0.34899555741431443, 0.5863739830339092)
(0.3493304978629217, 0.5864552169837165)
(0.34949270222953954, 0.5864945551263543)
(0.34891006323931428, 0.586353247163344)
(0.34800221346380211, 0.5861330372008856)
(0.33631162066265957, 0.5832942942098545)
(0.33947368566790431, 0.5840626692292741)
(0.34049788186951757, 0.5843114593223322)
(0.33126607586956175, 0.5820674006781175)
(0.34196906033879471, 0.5846687517999974)
(0.34040810949493239, 0.584289654203599)
(0.34108586530474438, 0.5844542684629527)
(0.32358782019370969, 0.5801983817075348)
(0.31943919931693521, 0.5791875746483296)
(0.32203704922068105, 0.5798206162759473)
(0.33664975847213874, 0.5833764803670249)
(0.35007907007263606, 0.5866367530726375)
(0.34633314893631961, 0.5857280955709516)
(0.36767217051016488, 0.5908963732346889)
(0.36369160882552004, 0.589933773798528)
(0.35257849360674975, 0.587242716933569)
(0.35530492523865204, 0.5879034156112889)
(0.35983062146608957, 0.5889994316736124)
(0.3601933838380722, 0.5890872460264511)
(0.36824260844867007, 0.5910342625217203)
(0.35812152103156214, 0.5885856313346112)
(0.36548349943786873, 0.5903671835298251)
(0.37239052538629736, 0.5920364871060789)
(0.37540330394227917, 0.5927639590889585)
(0.374499578799109, 0.5925457862202209)
(0.37531084150857208, 0.5927416389424098)
(0.38010787067604046, 0.5938991197660795)
(0.37965790708315394, 0.5937905916333552)
(0.38009993068864267, 0.5938972047750259)
(0.39050014938724187, 0.5964030942794147)
(0.39863751511755063, 0.5983602645074215)
(0.39548446033968665, 0.5976022713508343)
(0.39385339276444775, 0.5972099799742528)
(0.3993455193412957, 0.5985304039498874)
(0.39676670653032553, 0.5979105793334784)
(0.3988039599662565, 0.5984002647537318)
(0.39984514350244083, 0.5986504536063342)
(0.40292318247589876, 0.5993897830642197)
(0.40314281491533577, 0.5994425204211608)
(0.40248181501653602, 0.5992837965247075)
(0.40403839635350047, 0.5996575403778537)
(0.40443534741906506, 0.5997528320040691)
(0.41187429251434388, 0.601537213766743)
(0.41180119158041406, 0.6015196920596452)
(0.40944983119086215, 0.6009559513548205)
(0.4081030353039965, 0.6006329351962713)
(0.40807686865539272, 0.6006266585069199)
(0.40771473850315687, 0.6005397896344323)
(0.41119973598864179, 0.601375518113262)
(0.4140991767783655, 0.602070376042254)
(0.41583186497254054, 0.6024854228111318)
(0.41195170073475229, 0.6015557676122879)
(0.41056003012484132, 0.6012221559613216)
(0.41075658840999968, 0.6012692806734438)
(0.40302386464206386, 0.5994139587922599)
(0.40932346050951629, 0.6009256462810373)
(0.40776926345489672, 0.6005528696488552)
(0.41236480563678546, 0.6016547790945909)
(0.41186063058283473, 0.6015339391311836)
(0.4127599983386725, 0.601749489663504)
(0.39252535232187069, 0.5968904783535839)
(0.38085683304499673, 0.5940797440124501)
(0.38441343871107714, 0.5949371281300895)
(0.37152287258804795, 0.5918269068230184)
(0.37709929842072454, 0.5931732989197195)
(0.37871734967639442, 0.5935637060614823)
(0.37449160267902543, 0.592543860502034)
(0.36970413536552194, 0.5913874851722556)
(0.36322104816419021, 0.5898199347517081)
(0.35478845857412056, 0.5877782840103923)
(0.35878290632467447, 0.5887457781049141)
(0.34622981217605259, 0.585703020612282)
(0.33674619501058084, 0.5833999189213038)
(0.33844472814548826, 0.5838126794090052)
(0.34122943472553757, 0.5844891363830537)
(0.34548983410751338, 0.5855234498599017)
(0.3438350272370343, 0.5851217950783175)
(0.34378380688860632, 0.5851093610653042)
(0.34886781734349004, 0.5863430006747244)
(0.33887680732660636, 0.5839176602325138)
(0.33082421435421971, 0.5819599073661086)
(0.32631698472606263, 0.5808629735788229)
(0.33457132876264295, 0.5828712340561775)
(0.32877124144168207, 0.581460370955166)
(0.33577216025504641, 0.5831631659626605)
(0.33317011591768086, 0.5825305143636246)
(0.33529170957922644, 0.5830463714801029)
(0.3326148431054532, 0.5823954720972837)
(0.33548836183261532, 0.5830941775110037)
(0.33842342767557315, 0.5838075039088274)
(0.33675838469177599, 0.5834028815526966)
(0.3268366756627068, 0.5809894928275745)
(0.31611833907507486, 0.5783779714551065)
(0.31679811124407858, 0.578543729746743)
(0.31866580404155265, 0.5789990640019488)
(0.33205597496914985, 0.5822595429709558)
(0.333050008475897, 0.5825013052997908)
(0.33846408551180118, 0.5838173827658703)
(0.34220576695749422, 0.584726230400614)
(0.33865037055001412, 0.5838626446003039)
(0.33847669970521654, 0.5838204476918137)
(0.34005808227672074, 0.5842046317458499)
(0.3396738085398826, 0.5841112849545004)
(0.33513353083597042, 0.5830079172005366)
(0.33602184221380305, 0.5832238583633623)
(0.32962360325251272, 0.5816677908976635)
(0.33109877129548698, 0.5820267007819264)
(0.3232276321851556, 0.5801106488222331)
(0.32434049263469156, 0.580381697719726)
(0.32274628655375559, 0.5799933970348978)
(0.33196719454003853, 0.5822379484505157)
(0.33526048415286219, 0.5830387804562199)
(0.33200117711085592, 0.5822462142432684)
(0.32525387027439101, 0.5806041242524553)
(0.32103610383463083, 0.5795767378190141)
(0.31984535009045023, 0.5792865623184222)
(0.3187482014585924, 0.5790191489953634)
(0.32635865643626794, 0.580873118988353)
(0.33923114538839849, 0.5840037468770763)
(0.33814020846469262, 0.583738686719253)
(0.33369237204920055, 0.5826575156838252)
(0.34301855462345832, 0.5849235790919437)
(0.34344516795951763, 0.5850271519305181)
(0.34780383553014216, 0.5860849136414177)
(0.34483391595838164, 0.5853642589544857)
(0.34381243125977035, 0.5851163097975756)
(0.34338060938633663, 0.5850114789349257)
(0.34369376383111527, 0.5850875023696239)
(0.33778728430834826, 0.5836529279099454)
(0.35949305334242021, 0.5889177110312659)
(0.35489131356028281, 0.5878032050314528)
(0.35470901992934689, 0.5877590362919092)
(0.34573979115021036, 0.5855841095726079)
(0.35393838321702631, 0.5875722996670517)
(0.34627015493561097, 0.5857128099504423)
(0.34656734621021701, 0.5857849225607175)
(0.34618622336280747, 0.5856924435296303)
(0.35889425282906995, 0.5887727375203233)
(0.35586740456304689, 0.5880396824176066)
(0.35041717031698982, 0.5867187379757037)
(0.36093176022128592, 0.5892659682060201)
(0.36060975229869674, 0.589188029877902)
(0.35873260549785846, 0.5887335990037577)
(0.35734590816485434, 0.588397801777258)
(0.3549658793425301, 0.5878212715010716)
(0.36266828179518928, 0.5896861960321998)
(0.36158101971997614, 0.5894231004004158)
(0.35763948820291858, 0.588468900856387)
(0.34991927464580341, 0.586598003092357)
(0.35058427842517126, 0.5867592577391787)
(0.35199444123838841, 0.5871011420245696)
(0.35119888034772029, 0.5869082740567986)
(0.35260154282972539, 0.5872483037937196)
(0.35394266372240768, 0.5875733369662077)
(0.35636130355909945, 0.5881593237578121)
(0.35630032390724831, 0.5881445527033469)
(0.3545358266184363, 0.587717071200442)
(0.35401629103704568, 0.5875911790253628)
(0.35320917716971567, 0.5873955790918366)
(0.36013264540293344, 0.589072543390977)
(0.37303323317404757, 0.5921917106713291)
(0.38002094276090437, 0.5938781540634898)
(0.39522328541412188, 0.5975394640242188)
(0.41222876921643642, 0.6016221752974401)
(0.42048983211640167, 0.6036004564445075)
(0.42730260326569858, 0.6052293713886615)
(0.44456110893984757, 0.6093453134345649)
(0.45124422199328718, 0.6109350181205057)
(0.45637277766785156, 0.6121533462458345)
(0.4673992871943502, 0.614768018125175)
(0.47374372899058848, 0.6162694632059421)
(0.46240192952038212, 0.6135838256791554)
(0.46276249481401743, 0.6136693117448301)
(0.45355211924575278, 0.6114834494590485)
(0.45013388274798061, 0.6106710653005766)
(0.44558402198826347, 0.609588784087978)
(0.44074953461696031, 0.6084376153423385)
(0.44010146377796022, 0.6082832072681424)
(0.45560791764691366, 0.6119717363653584)
(0.4545208300457465, 0.6117135626101122)
(0.45572812323694112, 0.6120002802806511)
(0.4611513727349032, 0.6132872781889991)
(0.46139574403682593, 0.6133452331466599)
(0.47000865657314816, 0.6153858052839045)
(0.46923299841203853, 0.6152022013431184)
(0.46510558856639417, 0.6142246625773212)
(0.45183136950583286, 0.6110745701280775)
(0.45011193849404268, 0.6106658479995024)
(0.44760553355566968, 0.6100697775084548)
(0.44422637940266346, 0.6092656302939469)
(0.45265949438153202, 0.6112713661932938)
(0.45544275619605917, 0.611932516017141)
(0.45341394791504158, 0.6114506233913817)
(0.4452064332949508, 0.6094989179246354)
(0.42609683844185819, 0.6049412453595284)
(0.42603003385209304, 0.6049252797967316)
(0.41429308679303478, 0.6021168324016264)
(0.40312775054125949, 0.5994389032910294)
(0.38637205757548765, 0.595409041799028)
(0.36727999150804957, 0.5908015653477009)
(0.36621195891753855, 0.5905433380298108)
(0.36211720580210693, 0.5895528530894144)
(0.35784124131138428, 0.5885177591908523)
(0.33449344817736648, 0.582852298643592)
(0.29379923634645355, 0.5729259934289636)
(0.26595322774479202, 0.5660991598212852)
(0.25239331233104878, 0.5627654886939928)
(0.21722495516449358, 0.5540936973826746)
(0.18131559493840355, 0.5452051220402573)
(0.18277404368583205, 0.5455667299779634)
(0.18443808361884484, 0.5459792534956448)
(0.18636693849443819, 0.5464573468893159)
(0.18645399141383789, 0.5464789221468794)
(0.18610913335077806, 0.5463934512554756)
(0.18595255555355061, 0.5463546435349266)
(0.18496908547675517, 0.5461108781567563)
(0.18390342286921157, 0.54584671537505)
(0.18479514474569436, 0.5460677624633461)
(0.18256761769918395, 0.5455155516079163)
(0.18245819074511394, 0.5454884214303393)
(0.1826797172523813, 0.5455433441216115)
(0.1789183414535862, 0.5446106433260284)
(0.17910674055876497, 0.5446573677746357)
(0.17914010685184589, 0.5446656427938273)
(0.18214225446878096, 0.5454100899704037)
(0.18213206812512839, 0.5454075643883399)
(0.18371030391180732, 0.5457988411328275)
(0.18001530992880577, 0.5448826890172158)
(0.17012988602631962, 0.5424301786221327)
(0.17019596360032763, 0.5424465790088654)
(0.17247205948696198, 0.5430114472939019)
(0.17214342640706048, 0.5429298958380683)
(0.17969218880570592, 0.5448025584882534)
(0.17751350100793983, 0.5442622072214541)
(0.17752694322403562, 0.5442655414382709)
(0.17858858084582518, 0.5445288582314198)
(0.17934087805783472, 0.5447154346061451)
(0.17610056756688408, 0.5439117201388374)
(0.17403008515787155, 0.5433980454028551)
(0.17594188683380585, 0.5438723556557653)
(0.17280135281036202, 0.5430931602791047)
(0.17372403812546677, 0.5433221090427977)
(0.1737141121066812, 0.5433196461662453)
(0.17360948017166766, 0.5432936844162661)
(0.16750059975922182, 0.5417775181766497)
(0.16788574002841594, 0.5418731294955456)
(0.16674815443766366, 0.5415907142715749)
(0.16529404702891526, 0.5412296809454974)
(0.16468761968469448, 0.5410791012068517)
(0.16483061625467244, 0.5411146088350604)
(0.16370609302496009, 0.5408353660529595)
(0.15638121570813812, 0.5390158250404979)
(0.14922916015223686, 0.5372382098036289)
(0.14933705757120119, 0.5372650344309114)
(0.1485641622809637, 0.5370728783898342)
(0.14894020599108204, 0.5371663711790364)
(0.14585372426842413, 0.5363989267995506)
(0.14595435040097815, 0.5364239499232772)
(0.14419297323714186, 0.5359859144691811)
(0.13720728045417907, 0.5342481078539384)
(0.14135521152131059, 0.5352800772959955)
(0.13971497194682936, 0.5348720354610981)
(0.14108686209204269, 0.5352133233172951)
(0.14585565388473487, 0.5363994066470809)
(0.14542532437784184, 0.5362923927465663)
(0.1454171165269007, 0.5362903515940934)
(0.15484743156460068, 0.5386346910508648)
(0.15457691930560369, 0.5385674660611898)
(0.15514976124899071, 0.5387098213246531)
(0.15512522000060702, 0.5387037227806041)
(0.15479753538311991, 0.5386222914585983)
(0.15472432269817915, 0.5386040974459253)
(0.15581090369071671, 0.5388741120353879)
(0.1553546266882595, 0.5387607302998962)
(0.15279855841662382, 0.5381254908636348)
(0.15289341757207131, 0.5381490676843971)
(0.15064917551082901, 0.537591225803924)
(0.15321643440703436, 0.538229350800136)
(0.15620240673508246, 0.5389713946765956)
(0.16043090428323925, 0.5400219222678785)
(0.16032437856598225, 0.5399954613537985)
(0.15872701443085946, 0.5395986502558557)
(0.15458856606820159, 0.5385703604265685)
(0.15189530606694479, 0.537900982985326)
(0.15254025885136757, 0.5380612907925701)
(0.15010838413099448, 0.5374567894217213)
(0.14999591018627756, 0.537428828619965)
(0.15512954631860287, 0.5387047978791931)
(0.15504631776095756, 0.538684115354656)
(0.1547302548974141, 0.5386055716547803)
(0.15325937218209873, 0.5382400224735435)
(0.14678727581190332, 0.5366310699347564)
(0.14658430559893132, 0.5365805993590307)
(0.14679310575515281, 0.5366325195974357)
(0.14618368686572181, 0.536480979301193)
(0.14897076952705257, 0.5371739698357882)
(0.15095072250921637, 0.5376661855871037)
(0.15343611981799077, 0.5382839506275515)
(0.15320409564171023, 0.5382262841402575)
(0.15337366515234763, 0.5382684284613921)
(0.15332608582056118, 0.538256603285545)
(0.15298153462061581, 0.5381709686316304)
(0.15236178302966152, 0.5380169300870336)
(0.1539254731900086, 0.5384055694635838)
(0.15256161056938033, 0.5380665977863409)
(0.1529897792839825, 0.5381730177841643)
(0.15172961796683504, 0.5378597987101555)
(0.156283816340133, 0.5389916233712351)
(0.1568322291073776, 0.5391278898682387)
(0.15783019292040379, 0.5393758432443989)
(0.15551438430920594, 0.5388004294402934)
(0.15607640177896709, 0.5389400846563547)
(0.15749479872614813, 0.5392925136104159)
(0.15545408724064114, 0.5387854459137302)
(0.15565460666721442, 0.538835273739142)
(0.15568257819758191, 0.5388422244281226)
(0.14705705364053756, 0.5366981517311795)
(0.14673790861649394, 0.5366187943563525)
(0.14865901658190772, 0.5370964615145308)
(0.14785710089097215, 0.5368970802254789)
(0.14792682899918619, 0.5369144172804562)
(0.14711048554234329, 0.5367114377209303)
(0.15098891942097303, 0.5376756806098356)
(0.14948464874542244, 0.5373017270652672)
(0.15286427339353281, 0.5381418240467294)
(0.15655264806490443, 0.5390584218844074)
(0.15716845818109038, 0.5392114312728713)
(0.1552987163264099, 0.5387468366787324)
(0.15502108007300297, 0.5386778436937549)
(0.14911154256365577, 0.5372089683769036)
(0.15057904241412734, 0.5375737915888894)
(0.15076698645111364, 0.5376205119305931)
(0.14878264905297689, 0.5371271993547746)
(0.15251388533171362, 0.5380547356123889)
(0.15344408191024739, 0.5382859294802854)
(0.15644430534943554, 0.5390315013749949)
(0.1617894055909388, 0.5403593532115847)
(0.16882388624383626, 0.5421060119768848)
(0.16896666920791503, 0.5421414543625274)
(0.17121460101450969, 0.5426993921181763)
(0.17074614470186189, 0.5425831298239605)
(0.17180774102487151, 0.5428465919529044)
(0.17620508901201015, 0.5439376488387457)
(0.17579568182333771, 0.5438360855835687)
(0.17632285714296625, 0.5439668633669046)
(0.17817864143015072, 0.5444271843587072)
(0.17757402656526144, 0.5442772199923397)
(0.17690923878553777, 0.5441123214976699)
(0.17811884362988506, 0.544412352896629)
(0.1780133277824083, 0.5443861819376231)
(0.18255634574701007, 0.5455127569701529)
(0.18259952891788211, 0.54552346329173)
(0.18212560555311885, 0.5454059620697015)
(0.18079342690154565, 0.5450756440296796)
(0.18125000254972523, 0.5451888579331156)
(0.18225529276545327, 0.5454381163070913)
(0.18556847997000681, 0.546259448228937)
(0.1829314640035542, 0.5456057579213236)
(0.18490721363032447, 0.5460955417041287)
(0.18487791813461474, 0.5460882800674345)
(0.1801202468669536, 0.5449087117383448)
(0.1790065286177227, 0.5446325145288922)
(0.17893564303815568, 0.5446149342868108)
(0.17811868512965523, 0.5444123135842063)
(0.17859505352196114, 0.5445304635658447)
(0.17850329497522521, 0.5445077057899156)
(0.17631162698497027, 0.543964077534881)
(0.17758496603898699, 0.5442799334129226)
(0.17368745819374043, 0.5433130326988872)
(0.17532736284638117, 0.5437199033791867)
(0.177500398257457, 0.5442589572021104)
(0.17749714963027952, 0.5442581514087907)
(0.17382859574407039, 0.5433480520956366)
(0.17452029628153953, 0.5435196723349229)
(0.16975629623678712, 0.5423374522871698)
(0.16707871912818906, 0.5416727825084761)
(0.16624719499075225, 0.54146633837444)
(0.17258701140246391, 0.5430399724724372)
(0.17016291083749202, 0.5424383753582095)
(0.17227503176342163, 0.5429625544470891)
(0.17439425850534773, 0.5434884014301352)
(0.17411307053229352, 0.5434186353784429)
(0.17362595138645576, 0.5432977713443408)
(0.17772525634022651, 0.5443147307030652)
(0.17619323332256265, 0.5439347078024618)
(0.17278322749428865, 0.5430886626056562)
(0.16749756771317914, 0.5417767654570586)
(0.15597990030465914, 0.5389161055257873)
(0.16016779840464856, 0.5399565665413742)
(0.15682154528504411, 0.5391252352683896)
(0.15696622520250703, 0.5391611835704945)
(0.1553680457594333, 0.5387640649052204)
(0.15060959611337887, 0.5375813868695809)
(0.15461780297259153, 0.5385776261495275)
(0.15435090218419978, 0.5385112974805019)
(0.15014353287447335, 0.5374655272820098)
(0.15154434147228013, 0.537813744832326)
(0.14988459364675855, 0.5374011553150706)
(0.14851031030579609, 0.5370594893833788)
(0.15008567776876092, 0.5374511446836399)
(0.14442992522604925, 0.5360448451141165)
(0.145659096743187, 0.5363505274340017)
(0.14538450284575655, 0.5362822411160884)
(0.14541421217904782, 0.5362896293320502)
(0.14478790500784156, 0.5361338738114682)
(0.14302664065404347, 0.5356958295653925)
(0.13854941493733053, 0.5345820518409931)
(0.1399313619286815, 0.5349258694071682)
(0.13704339408459365, 0.534207328260459)
(0.13941387734672439, 0.5347971271738724)
(0.14047103272633255, 0.5350601262735211)
(0.14053395774760924, 0.5350757801460803)
(0.13798426811319731, 0.5344414382599939)
(0.13886575730955864, 0.5346607582527287)
(0.13851157158355143, 0.5345726362477868)
(0.14049769267069401, 0.5350667584826763)
(0.14042110561100829, 0.5350477058439832)
(0.14259915369418996, 0.5355895009050966)
(0.14523731742187307, 0.5362456383197589)
(0.14493384986891522, 0.5361701692813604)
(0.14525600058109411, 0.5362502845614865)
(0.15138796514735775, 0.5377748741205951)
(0.15174615154647997, 0.5378639084038505)
(0.15185710703080746, 0.53789148808487)
(0.15179469700629422, 0.5378759751481823)
(0.15183830199012593, 0.5378868138209859)
(0.15163980447946601, 0.5378374739978689)
(0.14246718053344987, 0.5355566746196437)
(0.14342426945779563, 0.5357947287057443)
(0.14173504795281566, 0.5353745623603001)
(0.13588459052986757, 0.5339189719376293)
(0.1390684260509194, 0.5347111816039164)
(0.13917185377844676, 0.5347369138268284)
(0.13367268521058895, 0.533368499322406)
(0.1333773282193742, 0.5332949882178739)
(0.13462859976921671, 0.5336064059858199)
(0.13484547269255875, 0.5336603788888477)
(0.13506354778194396, 0.5337146501789218)
(0.13154739345285416, 0.5328395054874583)
(0.13288886470533923, 0.5331734118538157)
(0.13270137381892733, 0.533126745171177)
(0.13190052732822721, 0.5329274071047485)
(0.13652744756240898, 0.5340789430972093)
(0.13271937357281161, 0.5331312253543842)
(0.13227810573085552, 0.5330213911599729)
(0.13165164978045851, 0.5328654570470082)
(0.12845374686479971, 0.5320693525028406)
(0.12841496939226404, 0.5320596980031363)
(0.13038189976037184, 0.5325493778997675)
(0.13011956389514889, 0.5324840713110729)
(0.12968393317997062, 0.5323756217833344)
(0.13618492110532276, 0.5339937082902761)
(0.13680713548792944, 0.5341485395923927)
(0.13719999821688011, 0.5342462958357374)
(0.1369161802729284, 0.534175673527971)
(0.14424137364195211, 0.5359979518715667)
(0.14409073126609506, 0.5359604862848095)
(0.14213769543660515, 0.535474718946497)
(0.14174787195947047, 0.5353777523130722)
(0.13787852284159641, 0.534415127282674)
(0.13700369814940627, 0.5341974507131044)
(0.14009242189740823, 0.5349659377102889)
(0.13986647732102719, 0.5349097273659855)
(0.13829028675124055, 0.5345175791132215)
(0.13692667633789135, 0.534178285284116)
(0.13533635768395991, 0.5337825419326427)
(0.1349547969964644, 0.5336875859979338)
(0.13300912177882385, 0.5332033436628092)
(0.13144577182403561, 0.5328142095879882)
(0.1306965803957465, 0.5326277138634204)
(0.12953762211108222, 0.5323391972041029)
(0.12321399758496376, 0.5307645877068465)
(0.12876498274807613, 0.5321468406111344)
(0.12970926206763789, 0.532381927450824)
(0.12963397066035531, 0.5323631835030714)
(0.12861861464353996, 0.532110399673234)
(0.1295171248519793, 0.5323340943224638)
(0.12964039387532589, 0.5323647825789628)
(0.12969635357344211, 0.5323787138616398)
(0.12985430427089373, 0.5324180357422917)
(0.13113629600637644, 0.5327371730868705)
(0.12808293055904851, 0.5319770286931319)
(0.12800014837321205, 0.5319564177394234)
(0.12971345962646241, 0.5323829724388731)
(0.13002868333123141, 0.5324614470018424)
(0.12912886521793698, 0.5322374341246773)
(0.13221985525393398, 0.5330068920298925)
(0.13458612671559322, 0.5335958356759921)
(0.13277601304531261, 0.5331453230241426)
(0.13132643341460115, 0.5327845033696351)
(0.13525247410879482, 0.5337616667126882)
(0.13563847546958474, 0.5338577258161411)
(0.13731578237624031, 0.5342751059686295)
(0.13905765251987701, 0.5347085012008161)
(0.14397498660667996, 0.5359316996761385)
(0.14440760511111783, 0.5360392940799001)
(0.14427597263320635, 0.5360065567734714)
(0.14527097008559675, 0.5362540072644186)
(0.14550556199948472, 0.5363123464098588)
(0.14472587972605, 0.5361184484401869)
(0.14785550076516163, 0.5368966823724054)
(0.14627647689665846, 0.5365040532400913)
(0.14692664630863517, 0.5366657253697071)
(0.14687727958711561, 0.5366534500345174)
(0.14768044683035964, 0.5368531569200188)
(0.14964318032353274, 0.5373411391428241)
(0.14925838339960595, 0.537245475084147)
(0.15328985913619864, 0.538247599622182)
(0.15264830105344762, 0.5380881447160176)
(0.15259457053448733, 0.5380747900061779)
(0.15345448921580074, 0.5382885160504857)
(0.15153869629224959, 0.537812341608945)
(0.15156089723668753, 0.5378178600981067)
(0.15075921429201067, 0.537618579890212)
(0.15145831169113722, 0.5377923603296905)
(0.15174327468482574, 0.5378631933128453)
(0.15251035681630132, 0.5380538585932831)
(0.15282346499509725, 0.5381316812993414)
(0.15030182649281709, 0.5375048782618124)
(0.15360350514375476, 0.5383255513621876)
(0.15357214016409904, 0.538317756178288)
(0.15441483033558612, 0.5385271846661074)
(0.14893024242081587, 0.5371638940486223)
(0.14851411124603242, 0.5370604343980716)
(0.14900751683544122, 0.5371831058691505)
(0.14901000209734327, 0.5371837237484871)
(0.15262356556062073, 0.5380819967209659)
(0.15350331157329888, 0.5383006500430884)
(0.15383892629509344, 0.5383840603239857)
(0.1547571176196354, 0.5386122472924753)
(0.15923880835376591, 0.5397257936370266)
(0.16068684164662139, 0.5400854960084219)
(0.162812760010421, 0.540613514378052)
(0.15952959801419508, 0.5397980313107352)
(0.15952174140356012, 0.5397960796014205)
(0.16162228163185066, 0.5403178441663687)
(0.162373123926145, 0.5405043285702694)
(0.15989818091993069, 0.539889591900734)
(0.16940599582849769, 0.5422505037958916)
(0.16972975732213902, 0.5423308651210463)
(0.16670346917032353, 0.5415796202301411)
(0.16689522617724339, 0.5416272275802001)
(0.16178223722542118, 0.5403575727960789)
(0.16054549258696538, 0.5400503856709407)
(0.15588842337298559, 0.5388933747504179)
(0.15534092664926202, 0.5387573258711984)
(0.15875497265172589, 0.5396055959634072)
(0.15782899201486389, 0.5393755448799522)
(0.15853898709363667, 0.5395519379107342)
(0.15929783938787079, 0.539740458202001)
(0.15700286657996321, 0.5391702877086396)
(0.15236103740813567, 0.538016744759284)
(0.15170829279370324, 0.5378544979793363)
(0.1546744891983387, 0.5385917133128291)
(0.15384092881436162, 0.5383845580033806)
(0.14450256637670567, 0.5360629109768456)
(0.14444494620880777, 0.5360485808420592)
(0.14390664712964574, 0.5359147029973634)
(0.14792763528073039, 0.5369146177521373)
(0.14786600778676195, 0.5368992948228994)
(0.14902403382999729, 0.5371872122791456)
(0.15769224398309856, 0.5393415697078577)
(0.15894492662956816, 0.5396527861402795)
(0.1605838595959832, 0.5400599158665861)
(0.16610025597683942, 0.5414298560540879)
(0.16598060443788443, 0.5414001483959662)
(0.16619115630549652, 0.5414524250269208)
(0.16529908263741122, 0.5412309312873984)
(0.16647914122717333, 0.5415239255577854)
(0.16293713010410249, 0.5406444016022279)
(0.16516267989880218, 0.541197062295569)
(0.16749545631640572, 0.5417762412928359)
(0.16733282662003379, 0.5417358674247122)
(0.16648269033001695, 0.541524806713874)
(0.16608393453395864, 0.5414258037052904)
(0.16598532053030057, 0.5414013193355898)
(0.16445092203143341, 0.5410203256478446)
(0.16351642336202588, 0.540788264551862)
(0.16232351535724465, 0.5404920077911395)
(0.1633145679021859, 0.540738136097749)
(0.15975474941032131, 0.539853962044823)
(0.1578668325623096, 0.5393849463335507)
(0.15971334000228055, 0.5398436754479864)
(0.16209323427286915, 0.540434814556484)
(0.16188708802048835, 0.5403836146106037)
(0.15989478605106777, 0.53988874858525)
(0.15868747001465167, 0.5395888261441659)
(0.15882275449316685, 0.5396224350557403)
(0.14988476302149412, 0.537401197421825)
(0.14958375883399411, 0.5373263665926535)
(0.15009635213701333, 0.5374537983028987)
(0.1506526876655685, 0.5375920988794669)
(0.15648604929473153, 0.5390418737492657)
(0.15611423686338988, 0.5389494860431273)
(0.15618286830923189, 0.5389665397408037)
(0.16018446889696802, 0.5399607075468011)
(0.16452546438897775, 0.5410388357506491)
(0.16758906829073217, 0.5417994808188121)
(0.16881621723196316, 0.5421041083198176)
(0.17046859793320079, 0.542514245600032)
(0.17663919511071091, 0.544045335258565)
(0.17694060371163367, 0.5441201016855159)
(0.17801479232220219, 0.5443865451872096)
(0.1745985277490596, 0.5435390819682936)
(0.17582181736927538, 0.5438425692404967)
(0.18278558567158942, 0.5455695915079625)
(0.18639609872403318, 0.546464574000835)
(0.18251549927336574, 0.5455026299427534)
(0.1799552994514162, 0.5448678072462425)
(0.18051467393473652, 0.5450065212939925)
(0.17843846685155906, 0.5444916271329678)
(0.17138657617074404, 0.542742072042066)
(0.17174857558590739, 0.5428319091736603)
(0.17358843110329136, 0.5432884615975891)
(0.16766544605851363, 0.5418184417532387)
(0.16742953795245663, 0.5417598767010998)
(0.16771933365251757, 0.5418318193839318)
(0.16767359291939288, 0.5418204642206852)
(0.16653874516847722, 0.5415387237351968)
(0.16740749924629572, 0.5417544054525443)
(0.16484957431311109, 0.541119316299089)
(0.16792787808739496, 0.5418835901086877)
(0.1690973916786529, 0.5421739026510932)
(0.17354595377214554, 0.5432779218433086)
(0.17385116050752725, 0.5433536508806237)
(0.17971040193495691, 0.5448070752082261)
(0.17924723862362635, 0.5446922118796217)
(0.18453203980014221, 0.5460025438083491)
(0.18481016218551671, 0.5460714849501337)
(0.18329209592904405, 0.5456951643582806)
(0.18483247413694537, 0.5460770155733651)
(0.18642515754975397, 0.546471775960796)
(0.18389912899286465, 0.545845650931144)
(0.18318540648606696, 0.5456687146412968)
(0.18440710268135962, 0.5459715737468788)
(0.18437836845480815, 0.5459644509073328)
(0.18357746991923429, 0.5457659110581936)
(0.18407176822959093, 0.5458884475442535)
(0.18507561801798644, 0.5461372846514392)
(0.18787239073319162, 0.5468304345899364)
(0.18742140578078192, 0.5467186750437971)
(0.18633972424370304, 0.5464506020542164)
(0.1822501449211833, 0.5454368399740799)
(0.18547372693784547, 0.5462359626334485)
(0.18820631714751013, 0.5469131825681932)
(0.18501663351525188, 0.5461226640432764)
(0.17748925220369127, 0.5442561925208116)
(0.17563050262160473, 0.5437951078952673)
(0.17913133174918272, 0.5446634665238108)
(0.18245721512142676, 0.5454881795431639)
(0.17916251065467925, 0.5446711990429487)
(0.17853706019180704, 0.5445160801947462)
(0.17812409034505494, 0.5444136542261978)
(0.17890588816546726, 0.5446075547856898)
(0.17806709083899452, 0.5443995167495653)
(0.17321897532010189, 0.5431967885065238)
(0.17254731912503152, 0.5430301229137857)
(0.17299380126092911, 0.5431409146148515)
(0.17352189440157195, 0.5432719520571337)
(0.17493931696885889, 0.5436236320002515)
(0.25833252267449591, 0.5642263448532504)
(0.33271239718341417, 0.5824191981300614)
(0.3613886546535694, 0.5893765465786446)
(0.40238325161156552, 0.5992601270081771)
(0.43207269703395568, 0.6063685005797567)
(0.46003502457972856, 0.6130224849103008)
(0.48697320193963345, 0.6193931373049446)
(0.50229340093936825, 0.6229981373771873)
(0.5113781550635772, 0.625129490576128)
(0.52486616521534368, 0.6282849326581326)
(0.5372829228888012, 0.6311801302898835)
(0.55635070599096292, 0.6356077443305364)
(0.58386067832050448, 0.641955263721664)
(0.59909590232472687, 0.6454494356976822)
(0.61383841269145667, 0.6488158979029158)
(0.62240850070434983, 0.6507661260776564)
(0.62655587713665573, 0.6517081082012686)
(0.64017722383539155, 0.6547935211976668)
(0.65579085064132192, 0.658314228572382)
(0.66966167700534607, 0.6614273988856134)
(0.66373271910174336, 0.6600983928747206)
(0.65915887400498385, 0.6590714158608821)
(0.65716444974154498, 0.6586231340674149)
(0.65217204450031452, 0.6574997608781286)
(0.65347940313205155, 0.6577941093186578)
(0.65365497193147437, 0.6578336289393816)
(0.649123034975714, 0.6568128134072913)
(0.64323669727257959, 0.6554847535116965)
(0.63452734814078726, 0.6535153146653176)
(0.62696365055492409, 0.6518006607810356)
(0.62559025802918999, 0.6514888953902735)
(0.61844015368958338, 0.6498637028086192)
(0.61339291925338835, 0.6487143837891142)
(0.6112125012159102, 0.6482173403610254)
(0.59128104852869889, 0.6436590236992228)
(0.58054411052191823, 0.6411925965465451)
(0.56879175642876634, 0.6384843325335832)
(0.55766247203982289, 0.6359115090940975)
(0.55303481737722548, 0.6348394047915045)
(0.54693272815477334, 0.633423668150367)
(0.51761986328261789, 0.6265910425257796)
(0.49231110750816526, 0.6206507188867425)
(0.47435845855615555, 0.6164148249273586)
(0.45559131410823261, 0.6119677936430428)
(0.43307429572215561, 0.6066075424187656)
(0.39023735516481772, 0.5963398364145636)
(0.33735456871518155, 0.5835477732694356)
(0.2820016603415143, 0.5700368891712309)
(0.23083420653614928, 0.5574536624328464)
(0.17296974548811139, 0.5431349454365778)
(0.17249448506687004, 0.5430170121965335)
(0.17025480555308348, 0.542461183444317)
(0.16888836431574972, 0.5421220171371839)
(0.16832264142191233, 0.5419815868130509)
(0.16832861237901819, 0.5419830690284207)
(0.16858626080934891, 0.5420470263183549)
(0.16846798111349137, 0.5420176653612784)
(0.16955223956094101, 0.5422868034442184)
(0.16310016379276027, 0.5406848904296715)
(0.16233177947289068, 0.5404940602694979)
(0.1641092072360939, 0.5409354707526524)
(0.16428411222805706, 0.5409789035990333)
(0.1649474120017147, 0.5411436101997006)
(0.16649363295099384, 0.5415275234994177)
(0.16662275053774422, 0.5415595800563513)
(0.16632565338593075, 0.541485818003996)
(0.16596216541837794, 0.5413955702415632)
(0.16534176231883135, 0.5412415286340848)
(0.16048297762937791, 0.5400348571687489)
(0.1561714540461332, 0.5389637035050844)
(0.14746879090008314, 0.5368005299887432)
(0.14763792211399318, 0.536842583479522)
(0.1530356973391559, 0.5381844303671124)
(0.15106929407476677, 0.5376956601244143)
(0.1515970736654868, 0.5378268524538167)
(0.15085476063183689, 0.5376423311766563)
(0.1511275890287318, 0.5377101509960976)
(0.1502388905032026, 0.5374892327542474)
(0.15008216787615047, 0.5374502721333067)
(0.1487041132108512, 0.5371076735933966)
(0.14700600831035116, 0.536685459120379)
(0.1476376922351289, 0.5368425263218375)
(0.14917988650726599, 0.5372259596968997)
(0.14990767397246518, 0.537406893105713)
(0.14479441319746389, 0.5361354923610308)
(0.14461035602521877, 0.536089718100689)
(0.14415880483191357, 0.5359774166050337)
(0.13929303392846215, 0.5347670625149732)
(0.14051022527173362, 0.5350698762205078)
(0.14068493720819886, 0.5351133390606613)
(0.14452051463492488, 0.5360673746961991)
(0.14602565581343319, 0.5364416816291452)
(0.14398411440414094, 0.5359339698399781)
(0.14385151889325209, 0.5359009920191538)
(0.14333329861631627, 0.53577210247925)
(0.14150212492914127, 0.5353166225977222)
(0.14682950491714486, 0.5366415705303185)
(0.146457848082723, 0.5365491540524502)
(0.14623422570639955, 0.536493546727974)
(0.14623050475300214, 0.5364926214449864)
(0.1502440845533779, 0.5374905239666007)
(0.15514345305445998, 0.5387082537281533)
(0.15601805318483875, 0.5389255859506193)
(0.15537422841937198, 0.5387656012794461)
(0.15722616821102253, 0.5392257700166351)
(0.15796982234980916, 0.539410533921533)
(0.15801443772585255, 0.5394216184498878)
(0.15854753575544622, 0.5395540617023199)
(0.15878489821687758, 0.539613030404545)
(0.15973300950436187, 0.5398485615939794)
(0.15972162022041048, 0.5398457323568411)
(0.15913066675189891, 0.5396989287836191)
(0.15334523334746197, 0.5382613621400825)
(0.15107282361675045, 0.5376965374944457)
(0.15077082031402067, 0.5376214649701051)
(0.15010311119822439, 0.5374554785862529)
(0.15321747829818255, 0.5382296102472833)
(0.15348655785686516, 0.5382964861880015)
(0.15047614986326696, 0.5375482136149661)
(0.15012167856368575, 0.5374600943760119)
(0.15070734136134289, 0.5376056850407547)
(0.15359003991858533, 0.5383222048325359)
(0.15188335380865947, 0.5378980120886427)
(0.15226821025902815, 0.5379936720511617)
(0.15146385816052088, 0.5377937390249331)
(0.1514676504049759, 0.5377946816691961)
(0.15102166833844155, 0.5376838213434805)
(0.1540267236670213, 0.5384307326417515)
(0.15437417527483177, 0.5385170812311887)
(0.16016318444136868, 0.539955420416661)
(0.16373382274947224, 0.5408422522362217)
(0.16254793416226976, 0.5405477440279998)
(0.16133334915941022, 0.5402460798807515)
(0.16077597238149366, 0.5401076353935715)
(0.16085539154807338, 0.5401273623669178)
(0.16033709023110321, 0.5399986189344244)
(0.15978079473220452, 0.5398604319997955)
(0.16269863040544363, 0.5405851700973956)
(0.16140184423468662, 0.5402630926579766)
(0.1613350591277829, 0.5402465046030994)
(0.15683848839981185, 0.5391294451080411)
(0.15762600329771814, 0.5393251120182538)
(0.16290040547136542, 0.5406352810983264)
(0.16346063496640229, 0.5407744102356129)
(0.16363428344009101, 0.5408175333488879)
(0.16366790642755014, 0.5408258830660074)
(0.16095639778087634, 0.540152451182647)
(0.1625658832278063, 0.54055220178073)
(0.16466287694195103, 0.5410729572681154)
(0.1650875981212514, 0.5411784192221626)
(0.16314595281426592, 0.5406962618711119)
(0.15909028385754365, 0.5396888966875899)
(0.15749929139637642, 0.5392936298415351)
(0.1613123209459002, 0.5402408568833386)
(0.15972829932466182, 0.5398473915281661)
(0.15818965179047817, 0.5394651493713847)
(0.15838828271377769, 0.5395144973479399)
(0.15724901340898745, 0.5392314461600236)
(0.15768084856599529, 0.5393387384896733)
(0.16180914295933757, 0.5403642554000261)
(0.15735104997258098, 0.5392567981542901)
(0.15889686059962216, 0.5396408451863436)
(0.16119540706878333, 0.5402118175992177)
(0.1625855663591711, 0.5405570901911322)
(0.1630151300177376, 0.5406637726659024)
(0.16541598909526245, 0.5412599590221361)
(0.16885388978457483, 0.5421134596588952)
(0.17058713574138007, 0.542543665651304)
(0.17165452360274713, 0.5428085686290384)
(0.17190072980384929, 0.5428696683440589)
(0.17415092378712405, 0.5434280273165941)
(0.1671225901708806, 0.5416836740618697)
(0.16407377181405147, 0.5409266712639674)
(0.16464109980052843, 0.5410675497156956)
(0.16473580328306969, 0.5410910657732976)
(0.16595563944538461, 0.5413939499307403)
(0.17250833006205968, 0.5430204478236288)
(0.16989065302461226, 0.5423708004652308)
(0.16974119918741171, 0.542333705083286)
(0.16394599156203127, 0.5408949400660171)
(0.15825906491453534, 0.5394823944943479)
(0.15864554013625998, 0.5395784093729348)
(0.16012820032923536, 0.5399467302263641)
(0.1622753772393507, 0.5404800521657521)
(0.16393538098522642, 0.54089230516576)
(0.16454864611961195, 0.541044592135484)
(0.16770703515738061, 0.5418287662797271)
(0.1643397463687426, 0.5409927186779316)
(0.16808607528969455, 0.5419228616338846)
(0.17100472880586648, 0.5426473062464477)
(0.1697795334410277, 0.5423432199307995)
(0.16237357380212991, 0.5405044403011967)
(0.15993407916583369, 0.5398985093288848)
(0.16538353976034914, 0.5412519019188569)
(0.16499416183477777, 0.5411552184976749)
(0.16495718431491124, 0.5411460367344849)
(0.16738020821237809, 0.5417476302663623)
(0.1684453906797988, 0.5420120576305865)
(0.16788648917835103, 0.5418733154694948)
(0.16866597596509014, 0.5420668141083526)
(0.16592286520448574, 0.5413858125167976)
(0.16457869324192309, 0.5410520532877182)
(0.16430505716569432, 0.5409841046567616)
(0.163731436905308, 0.5408416597549247)
(0.16476853364712785, 0.5410991930889569)
(0.16347179433509862, 0.5407771815234893)
(0.17048166420286526, 0.5425174885488727)
(0.16759255505496151, 0.5418003464176807)
(0.16558368135762791, 0.5413015963228814)
(0.15721971333396656, 0.5392241662288327)
(0.16620321397829074, 0.5414554187248812)
(0.16573657809656384, 0.5413395594532094)
(0.16699552596621547, 0.5416521286213656)
(0.16731752040728476, 0.5417320675307238)
(0.17066708457406543, 0.5425635080875063)
(0.17874607909275686, 0.5445679202285715)
(0.17776757784132413, 0.5443252279478835)
(0.17809094403681858, 0.5444054330205388)
(0.17874881160440692, 0.5445685979288148)
(0.17898378173475993, 0.5446268731156106)
(0.17848290955758861, 0.5445026498131244)
(0.17989358548532763, 0.5448525029499753)
(0.18266697130223475, 0.5455401840698418)
(0.18242610707769491, 0.5454804668892879)
(0.18093746395321564, 0.5451113604041918)
(0.18130929654502037, 0.5452035603122531)
(0.17741091661722497, 0.5442367619857507)
(0.17886670244792124, 0.5445978363123877)
(0.1792329916313482, 0.5446886785861565)
(0.1792084837683714, 0.5446826005578697)
(0.17823178071064261, 0.5444403642627437)
(0.17909426761184222, 0.5446542744107368)
(0.17843028503004943, 0.5444895978728075)
(0.17705984339099223, 0.5441496793397392)
(0.17518352950779637, 0.5436842197475613)
(0.17455336647267128, 0.5435278772372153)
(0.17293454474101277, 0.5431262107318794)
(0.17123429607256568, 0.5427042799697996)
(0.16979794552029348, 0.5423477899351471)
(0.16644164784620163, 0.541514616845503)
(0.16477564959537849, 0.5411009600556438)
(0.16458776627681393, 0.5410543062550784)
(0.16525511215994415, 0.5412200133975984)
(0.16092241576435695, 0.540144010453465)
(0.16399852097814205, 0.540907984542028)
(0.16427373770929099, 0.5409763273898702)
(0.16202151439632395, 0.5404170017958486)
(0.16053927606501295, 0.5400488415115768)
(0.15771392149379748, 0.5393469555293745)
(0.15667539881750092, 0.5390889221626087)
(0.16263293038955429, 0.5405688532680987)
(0.16877986535609568, 0.5420950847800444)
(0.16863613753410556, 0.5420594072939001)
(0.16824270725723134, 0.5419617440855624)
(0.17317077001729531, 0.5431848271052062)
(0.17396323711305062, 0.5433814592445005)
(0.16460381487083664, 0.5410582913517583)
(0.16630547119283667, 0.5414808071865568)
(0.16892412111671651, 0.54213089288204)
(0.16511562104818855, 0.5411853774284489)
(0.15865101033085571, 0.5395797683525005)
(0.15810320044433124, 0.5394436711093815)
(0.15830924639774036, 0.5394948616145651)
(0.15703867304126051, 0.5391791843732219)
(0.15550390355763022, 0.5387978250298323)
(0.14466004483756656, 0.5361020755635376)
(0.14442342233098493, 0.5360432278387334)
(0.15649901918977605, 0.5390450964518002)
(0.15728984857349071, 0.5392415920852323)
(0.15662910090663174, 0.5390774184046823)
(0.15943689958243712, 0.539775003441355)
(0.15853199939111984, 0.5395502019158782)
(0.15584410767212864, 0.5388823628423469)
(0.15928005988095972, 0.5397360414013994)
(0.15894949962316207, 0.5396539221981553)
(0.16548326918410861, 0.541276664461406)
(0.16530854031156106, 0.5412332796270716)
(0.16436959218829839, 0.5410001299707484)
(0.1668686908749526, 0.5416206397284146)
(0.16910374804289208, 0.5421754804360587)
(0.17224649407264114, 0.5429554726900417)
(0.17278340795099389, 0.5430887073847904)
(0.17549866137848125, 0.5437624002686972)
(0.1787942288355745, 0.5445798619988366)
(0.17849137633748957, 0.5445047497389706)
(0.17841147626284015, 0.5444849329057521)
(0.18475043865132146, 0.5460566807939372)
(0.18425048918471787, 0.5459327510779909)
(0.18227205505743971, 0.5454422722691188)
(0.18797455930507956, 0.5468557525469173)
(0.18797200814392312, 0.5468551203575288)
(0.18858842973826562, 0.5470078680461531)
(0.19434961612639468, 0.5484350434644653)
(0.1947874475590069, 0.5485434718893578)
(0.1926011059752778, 0.5480019812847404)
(0.1923254994042255, 0.5479337137892156)
(0.19374194435517733, 0.548284546666458)
(0.19372086894961082, 0.5482793269449016)
(0.19443416588960094, 0.5484559824696981)
(0.1944572446651136, 0.5484616979686293)
(0.19482540887002675, 0.5485528727451482)
(0.19263694534886477, 0.5480108585321305)
(0.19251868289261276, 0.5479815653517706)
(0.19338815053079039, 0.5481969215484139)
(0.18786130138943602, 0.546827686572495)
(0.18776486906824497, 0.5468037898442071)
(0.19028507202705836, 0.5474282458523009)
(0.18906999614915743, 0.5471271928089702)
(0.18649708449182567, 0.546489602301429)
(0.18564547346721816, 0.5462785317740623)
(0.1860938966908825, 0.5463896748824926)
(0.18537407924370286, 0.5462112636194145)
(0.18158577655993879, 0.5452721145100449)
(0.18248562938241419, 0.5454952243052411)
(0.17941259364095341, 0.5447332200517194)
(0.18362618485750692, 0.5457779877314896)
(0.18361102247075389, 0.5457742289068563)
(0.17564842747426135, 0.5437995547248674)
(0.17554393408424018, 0.5437736317189654)
(0.17525409066578512, 0.5437017253304539)
(0.17334332492669169, 0.5432276437106852)
(0.17305974905431165, 0.5431572787786562)
(0.17336630999289948, 0.5432333470210047)
(0.17067555546409729, 0.5425656104629495)
(0.17117287941238457, 0.5426890377676143)
(0.16444884241796132, 0.5410198092437298)
(0.16656841448091309, 0.54154608986085)
(0.17026591547357395, 0.5424639408924844)
(0.16763740735021448, 0.541811481101593)
(0.16543923307922692, 0.5412657304424005)
(0.1622269208116045, 0.5404680174375918)
(0.1598911266352776, 0.5398878395537111)
(0.15670893152148468, 0.5390972540915944)
(0.15325385502659095, 0.53823865125211)
(0.15452754142216363, 0.5385551950140685)
(0.15483770476728753, 0.5386322738692287)
(0.14839369147840564, 0.5370304947162224)
(0.14702658392210499, 0.5366905753283258)
(0.14654608489768062, 0.53657109531509)
(0.13923754428625379, 0.5347532571508206)
(0.1392875058111599, 0.5347656871674875)
(0.1379655812038173, 0.5344367886963052)
(0.13084373907946534, 0.53266434669801)
(0.13064784188605039, 0.5326155811021487)
(0.13524906526747038, 0.5337608183878277)
(0.13468534537667831, 0.5336205282727987)
(0.13348524967318109, 0.5333218488477817)
(0.13341931567482257, 0.5333054385216695)
(0.13739503162818723, 0.534294825127378)
(0.13735633527359448, 0.5342851965380913)
(0.12788273448589171, 0.5319271840624836)
(0.12624713461390558, 0.5315199301591242)
(0.12775682329499194, 0.5318958344857284)
(0.12605798003645896, 0.5314728291602874)
(0.12947219662102705, 0.5323229092206593)
(0.13164978897852564, 0.5328649938564199)
(0.12782124708419684, 0.5319118748588915)
(0.13270409000459349, 0.5331274212368414)
(0.13307967809645049, 0.5332209049154066)
(0.13420819754750934, 0.5335017787520239)
(0.13340133437555091, 0.5333009631399679)
(0.1333803120097562, 0.5332957308576962)
(0.1333495502023081, 0.5332880745007077)
(0.13867861567676221, 0.5346141973686492)
(0.13866001475728829, 0.5346095694223563)
(0.12984797374587731, 0.5324164597636467)
(0.13248709209165399, 0.5330734095097106)
(0.13548614366231226, 0.5338198172937756)
(0.13642735852928856, 0.5340540369948341)
(0.13669651754753731, 0.5341210139974439)
(0.13829360622473108, 0.5345184050264687)
(0.14088459113731966, 0.5351630060319564)
(0.14085052467896853, 0.5351545315282473)
(0.14236990702295316, 0.5355324791390259)
(0.14622197133857728, 0.5364904994547648)
(0.14625077273814036, 0.5364976614464358)
(0.14691229761254898, 0.5366621574838428)
(0.14736684450542648, 0.536775181358863)
(0.14974220840546593, 0.5373657579913882)
(0.14861315223196681, 0.537085058523755)
(0.14880253364980844, 0.5371321430908289)
(0.14967098027962533, 0.5373480503615069)
(0.1514536097238538, 0.5377911915533055)
(0.15092905956796077, 0.5376608005815106)
(0.15005223666305967, 0.5374428313009052)
(0.15287968151967657, 0.5381456536602922)
(0.1499138413350809, 0.5374084263161729)
(0.15032914477183978, 0.5375116693982842)
(0.15030720732851777, 0.5375062159016987)
(0.15357551411215853, 0.5383185947113938)
(0.15494153027784074, 0.5386580751887028)
(0.15512452395826226, 0.5387035498126694)
(0.1587468082503517, 0.5396035676691142)
(0.15893329974837578, 0.5396498977001002)
(0.15534793089525334, 0.5387590664109336)
(0.15737256312264725, 0.5392621432834585)
(0.1580363510301519, 0.5394270627165819)
(0.15803060220590071, 0.539425634446704)
(0.15454973534939143, 0.5385607104998148)
(0.15504235914992237, 0.5386831316256527)
(0.1554822010242598, 0.538792432060148)
(0.15288089066238753, 0.5381459541865434)
(0.15204872130336178, 0.5379391161940156)
(0.15219673612716589, 0.5379759066442362)
(0.15177836283775259, 0.5378719150363617)
(0.15568139166488504, 0.5388419295850785)
(0.16214195853310542, 0.5404469159347893)
(0.15833362878055945, 0.5395009191717204)
(0.15713676612814587, 0.5392035569775337)
(0.15784086448682411, 0.5393784945890846)
(0.15916383650786647, 0.5397071689360602)
(0.15929328453875746, 0.5397393266830094)
(0.16051647129099167, 0.5400431768896966)
(0.15726041328877216, 0.5392342785830754)
(0.15980167764431019, 0.5398656195436045)
(0.16035040502348907, 0.5400019263285626)
(0.157818508167055, 0.539372940171434)
(0.15457011312701319, 0.5385657746399446)
(0.15297961125198589, 0.5381704905918298)
(0.1519976396730065, 0.5379264192875233)
(0.15265451714320855, 0.5380896897203686)
(0.15319293694738167, 0.5382235107711211)
(0.15333689316906529, 0.5382592893042745)
(0.15278790016526211, 0.5381228417920517)
(0.15179982264275838, 0.5378772492038667)
(0.1553054581303881, 0.538748512007702)
(0.15250193339803153, 0.5380517649359642)
(0.14736142944287578, 0.5367738349163635)
(0.15257814307407136, 0.5380707069532392)
(0.15422866776045563, 0.5384809200199272)
(0.15438372168666081, 0.538519453670546)
(0.15285514945886636, 0.5381395563357624)
(0.15215451718779205, 0.5379654127794355)
(0.15510280391189024, 0.5386981523324036)
(0.15491139184571079, 0.5386505856122276)
(0.15580507869672466, 0.5388726645892732)
(0.15823277162368887, 0.5394758621524008)
(0.15722339409242769, 0.5392250807553395)
(0.15875332415047527, 0.5396051864239123)
(0.15643389126672158, 0.5390289137186832)
(0.15930085964448226, 0.5397412084961605)
(0.16019406543973558, 0.5399630913572614)
(0.15468124143430173, 0.5385933913151403)
(0.15389289178653631, 0.5383974721597558)
(0.15370056226933193, 0.5383496729916822)
(0.15166595247091208, 0.5378439735538886)
(0.15284199098736062, 0.5381362858568962)
(0.15304021005048596, 0.5381855519649896)
(0.15192894366198728, 0.537909344053542)
(0.15114094761283559, 0.5377134716438029)
(0.15290268459371981, 0.5381513709522223)
(0.16422046455038664, 0.5409630985200681)
(0.16480302428233928, 0.5411077574759803)
(0.16888930505924016, 0.5421222506539196)
(0.17432597402315753, 0.5434714594016999)
(0.17116186160252278, 0.5426863033922121)
(0.1673352934817437, 0.5417364798430931)
(0.16953639892581474, 0.542282871608611)
(0.16957408101756599, 0.542292224747048)
(0.16910885176636581, 0.5421767472882983)
(0.17400792020717182, 0.5433925459051444)
(0.17502917069432444, 0.543645924350672)
(0.17924098890284568, 0.5446906619321472)
(0.17948937758910821, 0.5447522623239802)
(0.17921668592437923, 0.5446846347202363)
(0.18222551989862434, 0.5454307345501266)
(0.1826766438448274, 0.5455425821444667)
(0.18263880338396776, 0.5455332004989986)
(0.18926746948078255, 0.5471761221035638)
(0.18878208831630128, 0.5470558543186301)
(0.18646378285548382, 0.546481348853831)
(0.18317483918079447, 0.5456660948532192)
(0.18253855429865629, 0.5455083459578954)
(0.18250523366288141, 0.5455000847937804)
(0.17912111116138008, 0.5446609317639897)
(0.17433950081423155, 0.5434748155350009)
(0.17444584083677128, 0.5435011994296562)
(0.17475270112553509, 0.5435773327965586)
(0.16653011150137109, 0.5415365802147468)
(0.16656067343711944, 0.5415441679609255)
(0.16650213037767869, 0.5415296332012329)
(0.16425402853828031, 0.5409714331860341)
(0.16446327122478877, 0.5410233921650486)
(0.1637292592591878, 0.5408411189757499)
(0.16826979599467951, 0.5419684685647576)
(0.16725092739045777, 0.5417155352066767)
(0.16509728452710737, 0.5411808243977948)
(0.16507874243571041, 0.5411762203162268)
(0.16649062842963636, 0.5415267775503881)
(0.16879896469416089, 0.542099825766795)
(0.16761807621382285, 0.5418066821083082)
(0.16948389054591517, 0.5422698383613492)
(0.1698924101790773, 0.5423712365992219)
(0.16921381236806632, 0.5422028006112577)
(0.16990800227767011, 0.5423751066284805)
(0.17648581010230957, 0.5440072863151061)
(0.17560657487395082, 0.5437891718458282)
(0.17564976872299853, 0.5437998874639792)
