0.0638226296409805
-0.119497190027064
1.19772246611047
0.440146375007185
0.756285715189203
-0.622940011124500
-0.267714699804912
-0.00496030657911158
-0.745000338984650
1.28302215645092
-0.0422907380550171
0.0209231597123001
-0.0690505200136792
0.534399386710827
0.733024824595447
0.249261632059949
-0.414795301345655
-0.195424942978137
-0.292497153347106
-0.252860798018669
-0.678279493212666
1.03161410846371
0.0754236001372486
0.133371788037936
0.179350420192467
0.130642528463778
0.293043165846660
-0.880207193143915
0.889950379258044
0.0681515780284260
0.894350104215534
0.210276668041815
0.122816945826245
-0.418136304568092
0.608533909980359
0.202496101688538
0.620166585076919
0.323814604972350
-0.500716118910957
-0.227118614936515
0.0511525739687716
0.245750733504536
1.30513598758520
1.16447374063090
0.224340937860099
-0.171082531608257
-0.413264242634002
0.741317344905568
0.258373391036829
0.502961961319728
0.467178847237395
0.137544962894822
0.319104542881056
0.454262537632309
0.0459959726040099
1.13854632571582
-0.521169316113158
-0.312396337493500
-0.272693543158890
0.972574391749942
0.165840615332598
0.647740145907530
0.686122365353930
0.374819051043791
0.260040903249069
0.0141997767924395
-0.558831098715968
-0.140630230652993
0.895643261144604
-0.757620139247236
-0.214652591377688
0.196999161581029
0.497091310724239
0.613203072286238
0.806913660657799
0.850202531845173
0.584437293092132
-0.825621929987413
0.964896139424580
0.437645228771325
0.905974125937479
0.222233631251571
0.111585888430657
0.283913885461963
0.921371101256513
-1.28442841463202
-0.667381822328394
-0.259017595238078
-0.574838122007608
0.560543357587933
-0.485543575815110
0.475719582778930
0.0881905702251060
0.898337106754643
0.628078144413484
-0.210297938688097
-0.794482461113879
0.678620771587974
0.150454462392608
1.43716369494478
0.548341817761731
-0.492802767941373
0.0466841052030597
0.274730107745606
0.0594691872919614
1.23731201071160
0.163517850476749
0.334840286256488
0.506959390173362
-0.316935978822523
1.54056288399107
1.28285111371161
0.0572989125675372
-0.135678978328346
0.804336067240709
0.106024544509751
0.603850582109141
-0.476280240885492
0.206342106421503
-0.388483963003436
-0.880940051829738
0.0566374226727540
0.298994638190995
-0.232743397011451
0.662571738919990
-0.560722851992611
-0.323351693118719
0.379352273179019
0.227814624264606
-0.572552346733989
0.665684752772990
0.620038998010714
0.484308339501806
-0.684672994261979
0.167151309791128
0.554326777483380
0.793977255252644
0.656936760485188
-0.0102542970033586
1.13498049926074
0.383425501527343
0.913194507269043
-0.0357039956236281
0.709189027503955
0.0665739935665576
0.155950860507728
0.339447969428313
-1.04683308189047
-0.314367544189481
0.0482910548422017
0.272774440819895
-0.267557356754273
0.615544460356363
-0.219053007157863
0.333152285289036
-0.134729561901865
-0.370011520782741
-0.698921230814350
-0.317877647235192
-0.0989763692183184
0.453170368826039
0.763201432722172
0.825930267666190
0.452495504670145
-0.407074820076875
0.569643691867220
0.784779898118623
0.858332889783664
-0.346108491484578
0.0356575303239397
0.264944970030553
0.530968903571939
0.811992591918658
1.12256629379925
0.377172499140101
0.0776306339804156
0.648364165580980
0.626976251756284
1.06516753955985
0.0252913158418916
0.209054409238440
-0.393562418237535
0.330647940911804
1.21360314108153
0.816766439324910
0.975997447120944
0.915839556934094
0.582228691908438
-0.334928791877001
0.324681985608081
0.351767522647498
0.0941542699977500
-0.890371208871385
0.647848749789497
0.557481621368516
-0.898190800183539
0.809549787796664
1.45080276055635
-0.149291709947982
-0.452746276587168
0.477236217623806
-0.169599421541293
0.811604921871732
0.586058596569176
0.479449477949615
1.04712150022448
0.367640673410271
-0.721397089105818
-1.12256158666855
0.607871050186292
0.204152881036437
-0.483728994490169
-0.102837288318472
-1.19934511673127
0.342539018189081
0.117251744110816
-0.311246119420818
0.145709470099844
-0.325044653159375
0.0734903393137664
0.328518031010149
-0.373082457104174
0.581785876811136
0.545164903933514
-0.361156731318721
1.33200539333704
1.16638640711898
1.10442613830841
0.796960927497124
0.911652982830439
-0.303280610757081
0.137732596298705
1.36118172509980
0.0620473061945535
0.0422201216081958
0.636193121894290
0.380256553658657
0.0964838137502111
0.907050327901319
-0.0650199372340151
1.17208967633055
0.806517048114867
-0.580337817961680
-0.548931355543893
0.0298218419188904
0.388041602305978
0.917492020096387
-0.752297358985928
0.902879030306127
0.596610930509877
1.41772316090582
-0.956907971885283
1.06756223222652
-0.447510315160082
0.0429177064189340
0.427672872738275
0.218134036071750
-0.174436457538939
0.0445192235615225
0.717249365777046
0.451383893284716
-0.972230524953282
-0.808211945831063
-0.576930750951463
0.107466718919610
0.593938729142279
-0.456145266104518
1.16482294106238
-0.429719747937666
0.174853360220948
0.476725128566261
0.00453696679961560
-0.811072976624207
-0.00936554326100735
1.03175052397002
-0.208613286858644
0.0667588561399837
-1.27646195026093
-0.265406742109852
-0.907178800056638
0.254291048510787
0.0901828785449760
0.246174054719828
0.607266873519218
0.580968330126625
-0.00959584769356764
0.324973189672710
0.423208219751682
0.503937009030948
-0.0667873918207809
1.35724686129309
0.809534318699497
0.468452159714803
-0.859849643240001
0.687850131252967
0.728618489298613
0.621072073296805
1.60731487302231
0.948168239291796
0.191655451043067
-0.802968585712848
0.409786980091374
-0.477340236504748
0.487702060583961
0.930949217465208
-0.879378020641695
0.784862871401704
-0.00253520583510542
-0.581413210642677
-0.172763671245868
-0.800222777039056
0.894918025250287
0.149954629176248
-0.594300988708669
-0.406533154669220
0.195721473110829
0.351465042197825
0.536000470824596
0.255902066877999
0.719302054204908
0.929343294077883
1.18604354284975
-0.178316438994449
0.296052253754805
0.804287854378937
0.0436987772882641
0.0274739412806029
-0.363653747070050
0.490663656805264
0.830180037182152
0.196867924114343
-0.739694826975575
0.857786628192847
-0.0383457513582844
-0.495626276642094
-0.209583991010472
0.452033648755654
0.467365042260402
0.305966233795881
0.321831311656970
0.397353859072546
1.04469798390004
-0.166702514916654
-0.271366856494757
1.38117616120281
0.508911729035064
0.705750113108868
0.564328362410295
0.567998009791105
0.731567269314145
-1.36053625837753
-0.992037232833043
-0.0479012156622462
1.75946909291506
-0.0401003728870179
0.224791264422375
1.00573515532987
-0.508341651879481
1.08801971065531
-0.782247225896847
0.310003654300447
1.36598463780675
1.17779036949726
-0.768990557979688
-0.329038951360539
0.621729214372158
-0.446657455501393
0.180010390948240
0.511629339462482
1.47589475618823
-0.895753366918734
0.950197654941028
0.232452441656005
-0.553263009633039
0.238170733019354
-0.295047983992795
-0.177955100753384
-0.623648443823567
-0.0990499447572868
0.760982860084814
0.652619678272692
1.24472583082159
-0.897427211700139
-0.0204075853847959
0.732385726531587
0.0369523091679535
0.0579877416967540
0.312178537526527
0.910197654996751
0.866852346838457
0.754370797226019
0.606680871748166
0.404791690172051
0.868947891287858
0.771819993076690
-0.635485753241557
0.334739001897024
1.07632311483695
0.433967453585452
-0.329736368823106
0.671630528301498
-0.236479124653014
-0.433173897497372
-0.596619193074156
-0.604526356424798
0.668230742106112
-0.112992149553975
0.243834636443896
0.0647322305961725
-0.0761387476797452
-0.442951874666727
0.309292475548804
0.0740327943092978
1.23557428067678
0.992580435314642
1.00788368775657
0.824146390386163
0.325128323880048
-0.509999078949052
0.931480912537162
-0.450619741420069
0.00749320745541180
-0.687716618283769
0.352970972153648
-0.617852055997276
0.237102643980088
0.855545177382412
-0.450702956253288
0.905933602635869
-0.488771977023236
0.248766109049072
0.0113606498284391
-0.227430897368166
-0.129787737607573
-0.462713066709984
1.37433768659010
-0.134063221822312
0.975090648804169
-0.712034754110500
0.481142213821757
0.738222578100888
0.771541377390572
0.126185219516133
0.118271867500494
0.843542967153808
0.0215583519801518
-0.226863777185353
-0.0372573348718755
0.589086552492757
0.472203423609738
1.25724261859886
0.923925158998755
-0.0856925373670931
0.159311382373736
-0.305770743224554
0.501290645236089
0.380295212312443
-0.625338214072396
1.39590167248043
0.275605135084803
0.513224169887946
1.26983216879139
0.620043524908479
1.45692775729187
0.699839048814470
0.926780692795041
0.778500784656587
0.124179684994830
0.0621939184061703
-1.35189302127102
0.107235203936438
0.0460550024055396
0.224495205835110
-0.645080071689320
0.208294344514989
0.486035886833383
0.818183827631709
-1.08922524439028
0.0242092525379123
0.222383309982516
-0.791387503257239
0.0947081843583048
0.0660851174692049
0.396322514058260
0.857708026234385
-1.14172394055659
0.460615743854923
0.537110546182368
0.655157371062480
0.617224173925617
-0.319545857430722
-0.159440856742311
-0.157433108883515
0.652449984975928
1.03482690938539
0.493952335018197
0.0298373316596434
0.491398202274856
0.367486655279979
-0.619014089440403
-1.34310478974645
-0.969505934546465
-1.20110383285377
-1.31135948513966
-0.992548440796680
-0.933422183826804
-1.48887626984414
-1.12541387571025
-1.63448868810159
-1.33388872787667
-1.20520452227003
-0.684083267249949
-0.961164968860918
-1.40822125085347
-0.892894627326501
-1.19732862133239
-1.06736277928887
-0.715761369574596
-1.89116125860869
-1.27007218403027
-1.05972452100830
-1.42210294173890
-1.16862816347956
-1.59810736246689
-1.13878202405161
-1.21585419224261
-0.857662691801656
-0.726442949433173
-0.771043488759213
-1.09309723967072
-1.71439811526768
-1.63258920689824
-1.22597474568537
-1.05891349808286
-0.542307969632940
-1.13030138407319
-0.923377283242553
-1.45242597207463
-1.34065205999211
-1.14418821346281
-1.39231326747363
-0.558163332511746
-0.564934557439015
-1.33486381751114
-1.52999503660527
-1.11831621016629
-0.693578715317844
-1.14935372090941
-0.906073909368458
-1.74350285088220
-1.51448489470252
-1.54939866624597
-1.09416376619250
-1.19902902713173
-1.32187381663483
-1.24020412548847
-0.977624769896771
-0.940655739418332
-1.47556648847219
-1.31516235587738
-1.04166958182908
-1.01198309575518
-1.40257774458872
-1.41207187925796
-0.679933775128315
-1.15676423817744
-0.855146937907654
-1.12395281783607
-1.13902732886692
-1.02815216218341
-0.795228351600610
-0.897012053468700
-1.77921439024915
-0.843557072229679
-1.16243554860318
-0.878509995301561
-1.47816006303439
-1.12010567207048
-1.34813261459033
-1.49108564203117
-1.53253585895118
-0.628910993911280
-1.06374766915869
-1.10459446963417
-1.38421516468890
-1.30444137856808
-1.19607720503481
-1.06596205240497
-1.10408370691067
-1.24231476024820
-1.16188479045273
-1.08907886307198
-0.988470510033401
-1.34926618524088
-1.47734063174672
-1.03027059517790
-1.48818599360237
-1.10948144470678
-1.23340856917629
-1.06552264077026
-0.626174284589634
-1.44618771932737
-1.41204361540224
-1.62521996555364
-1.23075471107573
-1.23753458716888
-0.484195759704767
-1.35975504496730
-1.51680969796048
-1.02370505606524
-1.16574584486107
-1.02348565296573
-1.49393404417992
-0.965350671177709
-1.51375402442550
-1.10718092097228
-1.22295064204215
-1.53707427431750
-0.810611515723223
-0.705595369772870
-1.57044283026047
-1.31366093394084
-1.57248866766352
-1.26154247226285
-1.38741013497098
-1.25230214739722
-1.46811302934719
-0.717816272780574
-1.08166594807340
-1.46387477542281
-1.40268353289897
-1.41623872305728
-1.09654717961778
-1.06911662877390
-1.25048410483336
-0.844579040552635
-0.902450041554491
-1.57080551763999
-1.23692485033941
-1.30657243508492
-1.19153774017078
-1.21637820931835
-1.06332073427495
-1.51895255938898
-1.15892520863248
-1.45567228148610
-1.33381952875535
-1.70267456749788
-1.06964284335966
-0.956046888073614
-0.725826560554374
-1.50068516077578
-1.54787981797709
-0.977363750107183
-1.31870225593742
-1.18143312580028
-0.834898982798511
-1.28537919544897
-0.801064408736769
-1.22469552068008
-1.14070176139744
-1.25227407097458
-1.72142705160862
-1.23136674801423
-0.732086854810257
-1.65065534892355
-1.05222291226527
-1.32992210901825
-1.62471894926103
-1.13333158567745
-0.811282175946958
-1.09679825196133
-1.02789348750850
-1.63113627186785
-0.944921163546802
-0.827946327221131
-1.77709265692337
-1.99945639366310
-1.05924892324563
-0.811962664686098
-1.31574069371965
-0.903221796724646
-1.71049551939763
-1.18371481471723
-1.05055220588830
-1.72429430750600
-0.955386610561765
-0.949452042892746
-1.48299695600956
-1.24516950633845
-1.73454966254798
-1.29502096812570
-1.32380577327908
-1.19120832797250
-1.42163257068647
-0.920448704870314
-1.67841846582034
-0.965169333299586
-1.60149760098518
-1.52702292516933
-1.13327260682598
-1.25579129456387
-1.54130657988729
-1.43982613569425
-1.43238447088053
-1.30872152113168
-1.00439792941680
-1.00433478133624
-1.37754955641932
-0.974153549856279
-0.903871477670742
-1.26444972193078
-1.38603016521083
-1.06437126668992
-1.08867312523295
-1.38557083531614
-1.29259525838733
-1.84158552640209
-1.24093991704718
-0.907029423100308
-0.700575250208937
-1.15220501620863
-1.09219177541224
-0.647951068045857
-1.33193912666039
-1.26216417581859
-1.19147322068646
-1.35364537521097
-0.750136833147142
-1.11366145156663
-1.11138228089976
-1.41617367473261
-1.14830941710897
-1.66568003440545
-1.39392996511795
-1.02905744703058
-0.856223070243951
-1.29164456923141
-1.20420670641604
-0.958638335944367
-1.09432427161936
-1.45917534540885
-1.22528176618046
-1.25476772994863
-1.33966268633990
-1.31690577006372
-1.36542185963166
-0.866712338613264
-1.01720305952190
-1.65451586639322
-1.42891360745554
-1.27859207067123
-1.12869052461074
-0.883253621853073
-0.968949772985697
-1.49830579724198
-1.36108403867236
-1.55750669613749
-0.811541078703456
-1.00752240471680
-1.51415276910293
-1.73647026768923
-0.990317016183719
-1.04723221382406
-1.10178778301496
-1.01146736660011
-1.20554835731742
-1.31226096010488
-1.39751347668451
-1.10565613169860
-1.18407306268584
-1.57447898241416
-1.35057608465060
-0.905845609198629
-1.24452483590541
-1.45009669649810
-1.32362328710901
-1.06068814421021
-1.51935619642855
-0.972389124430760
-1.32080895327460
-1.26292413127993
-0.787995658093864
-1.42350313407740
-1.10355243170971
-1.11649739694680
-1.30705999737688
-1.27891574006616
-1.50779390319019
-1.49661803997128
-1.17225867681653
-0.678014910120997
-1.06647253775948
-1.09229464859994
-1.26810402001986
-1.79179782779347
-1.11650022525583
-1.45010163064430
-1.42341568759710
-1.32117610035436
-1.25875086162451
-0.867408826458227
-1.21390819272957
-1.47258343420958
-1.10958413972358
-1.20891757377395
-1.23697003755589
-1.06156158180310
-1.57075508397817
-1.08385618284048
-1.41119091107340
-1.32834588778498
-0.709988379722164
-0.963012099090902
-1.11455215036516
-1.14749556790771
-1.03673963389606
-1.33638326371368
-1.03743740997066
-1.35790107289200
-1.45357023126183
-1.16586922464782
-1.33772377688919
-1.63812556479327
-1.34647977947043
-1.12258855000547
-1.59365433703440
-0.878637919381898
-1.11640609968151
-1.30551405104456
-0.814447180417680
-1.08364408827855
-0.713228078469221
-1.55652034554600
-1.69749879966490
-1.05096723727039
-1.19904963071272
-1.44233148280987
-0.919975037086113
-1.42673785753100
-1.59530381262075
-1.72323531288211
-0.998202388845550
-1.09975376565483
-1.43603743745803
-1.86781943774494
-1.26914762604000
-0.768018597856858
-1.30807708834201
-1.16239824760273
-1.02822170878607
-1.02351014588064
-1.19460067169187
-1.37889890917868
-1.01321264316315
-1.34410314892912
-1.03902928907199
-1.43555894145143
-1.24934925949242
-1.64948446017318
-1.06159622360848
-1.00504668993975
-1.36893779388819
-0.999594781390662
-1.04417590210163
-1.14686909668894
-1.69958446012556
-1.47066556432071
-1.51063725073769
-1.02924288445243
-0.743128140726142
-1.52164929427119
-0.908060687595442
-1.26747896246894
-1.34479888882889
-1.57680931737223
-0.826156018886697
-1.28223026001101
-0.530315434163480
-1.06552820019621
-1.33487874269799
-1.05322686159698
-1.11393354928350
-1.01572811720533
-1.28278754862011
-1.17334955277250
-1.62726437660208
-1.27483362424064
-1.59249955964826
-0.960713479654002
-1.38783080929674
-1.40658692866507
-1.08264181924867
-1.61640576792671
-1.15882711464769
-1.21182831139314
-1.17965826920608
-1.64128679069882
-0.791066985794198
-1.20248854010645
-1.52192471853873
-0.557065020067988
-1.46724503227587
-0.894189921563304
-0.651392165847900
-1.32018697031206
-1.40887940305407
-1.13351601262851
-1.45628596313446
-1.06374973472717
-1.56702350048129
-1.61864840079119
-1.10062949315011
-1.14929208831994
-1.11578403180240
-1.19667130957912
-0.813776416079324
-1.03656683127086
-1.39690400589837
-1.47614070501632
-1.41581796632882
-1.27717390913698
-0.785532129586654
-1.55680640795110
-1.12563127598754
-1.00007786304392
-1.49707075501540
-1.10167257143006
-1.44879403019287
-1.11561237745782
-1.03624696805395
-1.46041044739480
-0.692420447415231
-1.06420651585301
-1.13658956685783
-0.775164026336488
-0.571829435358650
-0.782450870769916
-1.66262381613958
-0.815297110152657
-1.78859979600988
-1.44077344765051
-0.924271090469802
-1.08705365992138
-1.43219636341048
-0.556102560520381
-1.62034152368301
-1.09623969197866
-1.20769306446702
-1.35113918307762
-1.26667837054686
-1.28187745526762
-1.49886426277688
-1.62345296623795
-1.18647700478551
-1.22390787492220
-1.44286625621772
-1.15074040025791
-1.13744204053931
-0.950925048477206
-1.10540131638297
-1.77326462802521
-0.931878377668931
-0.704938458802516
-1.03896283634816
-0.614514325575910
-1.50265347222152
-0.620729766567907
-1.42965368455820
-1.08315053377742
-1.55239489380152
-1.48989797455813
-1.29709671126136
-1.49894011436111
-0.914869221426882
-1.00460693199167
-1.41663485501423
-1.36477239633762
-1.53951188716086
-1.59473138022850
-1.20021660850858
-1.09767996975448
-1.04158967910569
-0.751094092894228
-1.59421714930728
-1.27553172049563
-1.27650656709272
-0.914174571206010
-0.594646204834851
-0.626600149711959
-1.60687281797950
-1.35619495822380
-0.968778228331330
-0.963553551581325
-1.08103301869938
-1.59219473378733
-1.57506699377220
-1.40274640170184
-1.04609761103782
-0.897100502015139
1.16489111565683
1.46086521989387
0.711605708034208
1.23384561191574
0.974244305399673
1.03555298055955
1.16243410710858
0.709913061379638
0.424099155759880
0.695130672957121
0.724431468144846
1.39683555872068
1.57157670601884
1.06994355360025
1.17086520616245
0.759932907409161
0.883418884329614
1.19644534715206
1.65744512250052
1.50693877505338
0.364075392502802
0.558521061350647
0.694610886847202
0.737668341673828
0.825185231724483
0.856867916112014
0.957781800896198
0.855212738462965
0.972371426277877
1.30958225345213
1.42452364392760
0.801524909096599
1.09518947018570
1.10809687345673
0.569339104250829
1.27778062265567
1.34960555487083
0.555795625669727
1.14617736384550
1.10888149912445
0.745939167618814
0.793647919003796
0.798167047854199
1.03002437523048
1.27295856805456
1.38052377706520
1.06200697483052
1.24306760684515
0.927419088442088
1.09956369300619
1.00821446992968
0.684637024931060
0.900943622597163
0.814282885128527
1.00660097863888
0.858582566983264
1.14478406779228
1.35360279694910
0.921724770893090
1.25879605293945
0.599748814910414
1.40804500332628
1.60053933668462
0.726178442469164
1.18977864559022
1.23401249077244
1.02630460114875
1.03827986280944
1.43050416351493
1.21010905184067
1.16515236848122
0.550437121962149
1.63197111144858
1.10659462080267
0.776247182204590
0.995120914707157
1.19975452369221
1.04320645846754
1.08440299107413
1.03562274559806
0.795816584550661
1.34771078561167
1.32282686365169
1.24809798223874
1.20980234372772
1.25686496364156
1.31109225787546
1.33931862364330
1.32462370143792
1.00332120391491
0.556254873726426
1.48876441630882
1.04736791344348
1.10321699623386
1.02813440778237
1.10351720631463
0.608324746713591
1.17567722241123
0.962516914502616
1.08480211994318
0.651543272357843
0.459870679246885
0.807078447875441
1.27477220844810
0.774596986754019
0.788410133232989
1.15892410937652
1.39651348329780
1.27236088525540
0.800595123077730
0.600329610949718
0.774615994541519
1.19879203545431
1.13260543409236
1.11238963285494
1.06650295899542
0.674579290953470
1.16456197380837
1.12709367500681
1.14951985383305
1.24856412366572
1.68457890675352
0.560816371798875
1.19455211752121
0.854823987609969
0.993611635570554
1.09184539366337
1.42677101062097
0.925385677975146
1.58598743434157
1.57556048192474
0.956485993621347
1.13141421014370
1.13973793199510
1.22280426042605
0.955907333617761
1.24957306421731
1.53067944745945
1.13397833929151
1.06722962619296
1.28244005479523
1.53204098508340
0.565086453626592
0.894323323630093
1.16407074518248
1.00855721737040
0.790583527436523
0.760737823916113
1.40169049357325
0.919444277822756
1.35438184760138
0.648043799363098
1.05585835265611
0.609692919374522
0.958834954131886
1.19121560671414
1.20805323998670
1.29071669735121
1.32113322750093
1.62900458884641
0.907153335992956
0.677436072050250
0.754326633458471
0.830601702556120
1.23983087054026
0.744248727087197
0.499846572768990
0.769887264549767
0.831935270006964
0.928785847380280
0.668307045073178
0.835908866814293
0.763870648979187
0.807590308411174
1.23275036292218
0.787724047578293
0.447554773582811
0.843043965319201
1.02274758072619
1.20463741543365
1.22570589681740
1.14548416921164
0.700923639849400
0.633126668018518
0.602388006233771
1.15031011175275
0.480927548182735
1.35537833043506
0.479506823700269
0.531080940825760
0.677747697874536
0.824445498188601
0.934978799343807
1.43957411074879
1.11893071777001
0.996664147362436
1.30605243164789
1.23348920556364
0.500860654171497
0.724963124396489
0.685442808827845
0.961901444126516
0.831352088439922
1.17281148441528
1.15411758537736
1.00612327806156
0.247834738199601
0.967277867396564
1.17781413418653
0.498324552843562
1.54211070218594
0.745204731001417
0.600428321360735
0.743886408826223
1.42963613330751
0.210922260475775
1.18376144940477
1.06907951354818
1.09519367181595
0.779807275924728
1.06172445430205
1.19292672590487
1.33554159086490
0.919055663012461
0.793987223092490
1.11263134066066
1.06561554548251
1.23445995405520
1.10503074223731
0.674930917450682
1.11444844757103
0.617442567524679
1.04083879408988
1.05437438650409
0.826849193928613
1.04484898334731
1.30864510017436
1.22333591447583
0.565867703248481
1.06863887926360
0.983722688865288
1.08602134291323
1.16583366243550
0.942568997948315
0.545967665660092
1.08257253958968
0.851536860180737
1.03927736502113
0.694602780691029
0.901812023491517
0.352263253606148
1.50989212189830
1.05996424174069
0.802054746651765
1.50122711264542
0.751831861444195
0.784794015180562
0.674037905604274
1.38763379760370
1.15699225202881
1.03431550181114
1.13648074867523
1.38463744443324
0.942935936454512
1.33523204726707
0.640329483195196
0.850169786488333
0.243215096378211
0.751537779809881
1.06494223561560
0.598951269857259
1.04839505464434
0.862305631182365
0.548234664078316
1.05208858139768
1.54784788079078
0.923846286746034
0.786070084128735
1.34026310963813
0.517005479450898
0.512961436126826
0.576773039067692
1.33571954593035
1.38458161719673
0.973228446901585
1.01510958619510
0.253328004766403
0.690202185359406
0.783482940876402
1.51569508570041
0.982085689650844
0.693377446931401
0.294097653943266
0.747438680941699
0.837003309861940
0.798580600187914
1.20743742745345
1.03412663265372
1.22767855150857
0.972921764910780
1.54683786762379
0.502406057421927
1.02931374854296
0.670817915197109
1.03909927901811
1.07733623357427
1.33940564655299
0.913329845439476
1.17198711701487
0.964330104421460
0.741472147509221
0.862105228741092
0.997421494954755
0.687347030002345
1.02896187732344
0.353208001755886
0.937787067250432
0.990413305044024
1.06631154013999
0.841399095576212
0.879676003142090
0.881840244633698
1.06041426771911
0.982544556198203
1.13258748510213
0.709762553220739
1.24568139111917
0.464820473913420
1.13063911138773
0.698347696099925
1.00108875144909
1.03319374598932
0.818473846744582
1.14919551460594
1.17075034159438
0.767974765515336
1.32996396560277
0.895230723109329
1.01846441614416
1.04364687733736
1.00217714346177
0.864153890778319
0.579039158808959
1.13835044384736
0.507216664609524
0.934030120053301
1.08061368053373
0.880858296628582
0.443018499750743
0.919055197338663
0.999580156216896
0.586225342058872
1.18642931227366
0.943624697330258
1.31158434448702
1.26254267913487
1.04577863967968
0.489330425123078
1.20093007055602
1.14411582902933
0.988434878874145
0.868306621138340
0.986756817809678
1.47486860783210
0.871641105557129
0.957338261385566
1.28674910485304
1.31839447122416
1.19106235346106
1.14965285670327
0.702296486977293
1.32730235376527
0.918802410794775
0.724995927955508
0.530940551266666
0.707280055925002
1.29412345431118
1.50906830958436
0.623498952743907
0.812867467667815
0.883531698434193
1.18453746185800
0.651522325337993
0.894465011425077
0.984166900932015
0.554858719782219
0.936219343988917
1.10964679843776
0.909500060636505
0.554947497460101
0.686242844674898
1.06678799891180
0.391289127566088
0.716914713587162
0.818961520196551
1.25353844447110
1.16996539119963
1.01681587794870
1.27862377000689
1.13044345583897
1.11964914342010
0.801173263423249
0.899822890450744
0.884977696350263
0.648108717850831
0.421566202886671
0.366127379055085
0.828964483623657
0.806469061873363
0.634068807327354
1.18050699938787
1.01805513927211
1.17681757938348
1.30593894620617
1.28247970035381
1.09876827166979
0.991005275765836
0.898113074018832
0.899162253119547
0.805783022366439
0.638337795403133
0.440705203034545
0.800640590885561
0.925806727401314
0.601038110388076
0.446326056181371
1.07618616822306
1.28217016421964
0.326863843215230
1.15986856470496
0.965252139892327
0.721717255013143
1.00769705267052
1.25312638332788
0.854136896158127
1.28397419802026
0.551318080266086
0.915584473462704
1.16032573833375
0.966175329229964
1.33678495670247
0.646761573192397
0.986451373742399
0.859888811056993
0.885748282701729
1.05318985236679
1.26098314210598
1.05581048979921
1.19844678563238
0.810886800962540
0.548318737653283
1.65337657159392
0.743687111298111
1.37415621708876
1.53490749972589
0.617418641837421
1.34139442264773
0.601194555801331
0.800267034489779
0.673069944145114
1.51317879486802
1.20653065638941
1.49108789978025
1.32589087702070
1.25712978300782
1.40312509430065
0.823034858037429
1.05049691843649
1.60795148702603
0.902669824570890
0.980258729767059
1.39690581189536
0.901692866321959
1.12234819013618
0.986076662611859
1.37220694696318
1.13482630325660
0.791164595119328
0.734950209306888
0.941629759461611
1.12342243380194
1.08972178313570
0.946331669263893
1.02598829523197
0.535551496520572
1.10783513555394
1.43789214216738
1.21674461351792
0.784614747762015
0.705205369002235
0.912825853590035
0.541746984993472
0.889509221884904
1.06490311105356
1.30663496569162
0.464232540584930
1.03081830500590
0.990731491896744
0.345137633228357
1.03548157541143