name of data:airfoil
number of data:1503
number of attributes:5
various training number:75  150  225  300  375  450  525  600  675  751

liner logistic regression
1.7085	1.4566	1.3558	1.2608	1.1904	1.1992	1.163	1.1194	1.0817	1.0758
1.5539	1.5018	1.4691	1.4723	1.4411	1.4721	1.4598	1.4483	1.4545	1.5348

L2 liner logistic regression via 10 cross validation
1.6068	1.4668	1.3259	1.2549	1.1748	1.1767	1.1594	1.1181	1.0728	1.071
1.543	1.5123	1.487	1.4454	1.4478	1.4579	1.4419	1.4593	1.469	1.536

gaussian kernel logistic regression
1.3473	1.3799	1.3039	1.2853	1.1728	1.2056	1.1379	1.1434	1.1178	1.1019
1.5062	1.5105	1.4602	1.4646	1.4484	1.46	1.4403	1.4558	1.4519	1.5277

L2 gaussian kernel logistic regression via 10 cross validation
1.6007	1.4444	1.2835	1.2238	1.1963	1.1558	1.1247	1.0782	1.0684	1.0715
1.6966	1.5827	1.4546	1.439	1.4443	1.4527	1.4625	1.4708	1.4827	1.5249
