name of data:driftData
number of data:1931
number of attributes:5
various training number:96  193  289  386  482  579  675  772  868  965

liner logistic regression
1.8133	0.94522	0.8713	0.82333	0.74885	0.60684	0.55871	0.53169	0.52224	0.503
2.2287	1.5343	1.488	1.4708	1.4464	1.4406	1.4407	1.4369	1.4285	1.4335

L2 liner logistic regression via 10 cross validation
1.7347	1.3425	0.89626	0.77306	0.66441	0.5941	0.58749	0.54716	0.52037	0.51649
2.0886	1.8866	1.5208	1.4763	1.457	1.4584	1.4387	1.4428	1.4367	1.4262

gaussian kernel logistic regression
2.7862	1.8541	1.0231	0.80938	0.67385	0.63748	0.57565	0.45518	0.49448	0.54985
3.1216	2.2785	1.6193	1.4608	1.453	1.4526	1.4383	1.4353	1.4309	1.4326

L2 gaussian kernel logistic regression via 10 cross validation
1.4936	1.2971	0.9261	0.80769	0.62963	0.57711	0.44367	0.46553	0.48079	0.51658
1.7777	1.7068	1.5518	1.4725	1.4587	1.4509	1.4369	1.438	1.4313	1.4327
